0 0 0 0 0 0 0 0 0 0 0 0 0 0 0 0 0 0 1 
0 0 0 0 0 0 0 0 0 0 0 0 0 0 0 0 9 9 0 
0 0 0 0 0 0 0 0 0 0 0 0 0 32 38 35 39 0 0 
0 0 0 0 0 0 0 0 0 34 90 96 152 104 92 104 0 0 0 
0 0 0 0 0 24 112 208 257 261 295 289 216 171 183 0 0 0 0 
0 1 30 156 364 428 461 516 419 480 426 290 237 224 0 0 0 0 0 
32 243 474 596 660 628 594 549 406 466 302 228 198 0 0 0 0 0 0 
320 540 648 546 554 505 385 363 210 252 159 126 0 0 0 0 0 0 0 
397 371 354 254 262 201 133 142 42 91 57 0 0 0 0 0 0 0 0 
139 97 77 53 48 36 17 25 0 20 0 0 0 0 0 0 0 0 0 
