0 0 0 0 0 0 0 0 0 0 0 0 0 0 0 0 0 0 0 1 
0 0 0 0 0 0 0 0 0 0 0 0 0 0 0 0 0 9 9 0 
0 0 0 0 0 0 0 0 0 0 0 0 0 0 32 39 34 39 0 0 
0 0 0 0 0 0 0 0 0 0 34 98 88 159 102 88 103 0 0 0 
0 0 0 0 0 0 28 124 208 280 257 280 294 206 160 179 0 0 0 0 
0 0 1 46 215 393 407 468 511 453 430 412 266 214 216 0 0 0 0 0 
2 102 359 546 558 660 565 599 504 450 384 269 192 186 0 0 0 0 0 0 
171 488 578 571 490 541 409 399 289 257 178 126 111 0 0 0 0 0 0 0 
314 369 331 271 225 240 149 139 97 71 53 45 0 0 0 0 0 0 0 0 
125 99 72 54 44 43 22 20 15 7 11 0 0 0 0 0 0 0 0 0 
