0 0 0 0 0 0 0 0 0 0 0 0 0 0 0 0 0 0 0 0 1 
0 0 0 0 0 0 0 0 0 0 0 0 0 0 0 0 0 0 10 10 0 
0 0 0 0 0 0 0 0 0 0 0 0 0 0 0 40 49 43 48 0 0 
0 0 0 0 0 0 0 0 0 0 0 50 145 124 221 151 127 142 0 0 0 
0 0 0 0 0 0 0 70 230 316 444 453 476 475 350 264 282 0 0 0 0 
0 0 3 20 157 493 730 820 952 913 924 923 773 552 409 395 0 0 0 0 0 
5 86 494 917 1341 1409 1470 1488 1383 1175 1206 941 658 465 402 0 0 0 0 0 0 
301 1083 1497 1735 1791 1670 1564 1439 1148 983 868 583 398 300 0 0 0 0 0 0 0 
1057 1442 1512 1389 1363 1097 977 821 588 477 382 250 165 0 0 0 0 0 0 0 0 
933 826 731 608 561 390 341 261 171 121 112 65 0 0 0 0 0 0 0 0 0 
275 191 149 112 99 58 53 33 24 12 18 0 0 0 0 0 0 0 0 0 0 
