0 0 0 0 0 0 0 0 0 0 0 0 0 0 0 0 0 0 0 0 0 1 
0 0 0 0 0 0 0 0 0 0 0 0 0 0 0 0 0 0 0 10 10 0 
0 0 0 0 0 0 0 0 0 0 0 0 0 0 0 0 40 48 44 48 0 0 
0 0 0 0 0 0 0 0 0 0 0 0 50 143 126 224 143 131 143 0 0 0 
0 0 0 0 0 0 0 0 71 232 332 452 440 463 483 329 271 287 0 0 0 0 
0 0 0 3 21 201 544 732 804 948 942 914 862 741 528 417 407 0 0 0 0 0 
0 13 171 656 1044 1301 1365 1450 1413 1387 1213 1072 854 605 475 421 0 0 0 0 0 0 
101 702 1276 1557 1706 1611 1547 1509 1318 1194 899 714 511 393 322 0 0 0 0 0 0 0 
681 1351 1356 1393 1310 1079 1035 888 736 622 353 301 234 181 0 0 0 0 0 0 0 0 
776 796 683 638 529 393 384 282 232 183 56 95 73 0 0 0 0 0 0 0 0 0 
252 184 141 124 88 62 60 38 32 23 0 20 0 0 0 0 0 0 0 0 0 0 
