0 0 0 0 0 0 0 0 0 0 0 0 0 0 0 0 0 0 0 0 0 0 1 
0 0 0 0 0 0 0 0 0 0 0 0 0 0 0 0 0 0 0 0 11 11 0 
0 0 0 0 0 0 0 0 0 0 0 0 0 0 0 0 0 50 58 53 59 0 0 
0 0 0 0 0 0 0 0 0 0 0 0 0 80 190 172 307 199 175 197 0 0 0 
0 0 0 0 0 0 0 0 4 158 363 504 696 707 715 758 514 415 446 0 0 0 0 
0 0 0 0 8 111 493 1017 1267 1547 1628 1681 1671 1610 1333 957 737 724 0 0 0 0 0 
0 10 130 729 1598 2281 2855 2879 3162 3098 2691 2667 2433 1867 1308 988 872 0 0 0 0 0 0 
131 1022 2504 3449 4159 4390 4299 4237 3983 3480 2619 2792 1987 1396 998 794 0 0 0 0 0 0 0 
1537 3592 4269 4737 4767 4317 3903 3776 3008 2469 1647 1802 1082 785 549 0 0 0 0 0 0 0 0 
2997 3610 3582 3416 3167 2568 2173 2041 1374 1148 602 746 444 292 0 0 0 0 0 0 0 0 0 
2076 1816 1568 1359 1174 858 695 620 342 334 95 212 115 0 0 0 0 0 0 0 0 0 0 
533 381 292 234 185 130 92 85 34 46 0 36 0 0 0 0 0 0 0 0 0 0 0 
