0 0 0 0 0 0 0 0 0 0 0 0 0 0 0 0 0 0 0 0 0 0 0 1 
0 0 0 0 0 0 0 0 0 0 0 0 0 0 0 0 0 0 0 0 0 11 11 0 
0 0 0 0 0 0 0 0 0 0 0 0 0 0 0 0 0 0 50 59 53 58 0 0 
0 0 0 0 0 0 0 0 0 0 0 0 0 0 80 196 176 310 193 175 190 0 0 0 
0 0 0 0 0 0 0 0 0 4 165 390 519 716 698 726 745 495 398 424 0 0 0 0 
0 0 0 0 0 8 138 596 1074 1331 1520 1681 1717 1632 1541 1299 895 677 675 0 0 0 0 0 
0 0 13 242 977 1918 2396 2852 2885 3104 2997 2847 2513 2259 1708 1203 864 790 0 0 0 0 0 0 
21 435 1722 3045 3724 4143 4328 4116 3981 3764 3314 2842 2315 1769 1197 836 688 0 0 0 0 0 0 0 
838 2892 4048 4434 4565 4366 4057 3644 3262 2783 2280 1803 1307 912 603 446 0 0 0 0 0 0 0 0 
2318 3448 3500 3233 3184 2624 2294 1993 1597 1295 957 701 483 322 211 0 0 0 0 0 0 0 0 0 
1866 1756 1557 1306 1186 892 735 608 446 342 226 160 114 70 0 0 0 0 0 0 0 0 0 0 
509 368 294 225 189 133 101 81 54 39 24 17 14 0 0 0 0 0 0 0 0 0 0 0 
