0 0 0 0 0 0 0 0 0 0 0 0 0 0 0 0 0 0 0 0 0 0 0 0 1 
0 0 0 0 0 0 0 0 0 0 0 0 0 0 0 0 0 0 0 0 0 0 12 12 0 
0 0 0 0 0 0 0 0 0 0 0 0 0 0 0 0 0 0 0 60 70 64 70 0 0 
0 0 0 0 0 0 0 0 0 0 0 0 0 0 0 114 251 230 414 262 233 256 0 0 0 
0 0 0 0 0 0 0 0 0 0 18 275 567 761 1051 1040 1090 1111 762 602 643 0 0 0 0 
0 0 0 0 0 0 45 344 1110 1748 2223 2630 2764 2871 2808 2647 2235 1561 1188 1170 0 0 0 0 0 
0 0 10 132 843 2262 3770 4746 5460 5613 6277 5605 5551 5063 4516 3461 2443 1784 1600 0 0 0 0 0 0 
23 397 2216 4986 6982 8678 9689 9655 9921 9298 8943 6988 6991 5654 4256 2947 2076 1676 0 0 0 0 0 0 0 
1320 5449 9480 10960 12803 12615 12727 11153 11336 9058 8236 5681 5899 3983 2774 1886 1360 0 0 0 0 0 0 0 0 
5985 10630 12137 12099 12604 11147 10152 8505 8242 5526 5155 3087 3228 1948 1335 860 0 0 0 0 0 0 0 0 0 
8063 8809 8831 7654 7676 5986 5105 4144 3763 2059 2198 1010 1165 697 424 0 0 0 0 0 0 0 0 0 0 
4649 3928 3489 2787 2633 1822 1519 1145 994 430 586 148 289 157 0 0 0 0 0 0 0 0 0 0 0 
1059 748 595 448 390 242 208 130 123 34 75 0 44 0 0 0 0 0 0 0 0 0 0 0 0 
