0 0 0 0 0 0 0 0 0 0 0 0 0 0 0 0 0 0 0 0 0 0 0 0 0 1 
0 0 0 0 0 0 0 0 0 0 0 0 0 0 0 0 0 0 0 0 0 0 0 12 12 0 
0 0 0 0 0 0 0 0 0 0 0 0 0 0 0 0 0 0 0 0 60 70 64 70 0 0 
0 0 0 0 0 0 0 0 0 0 0 0 0 0 0 0 114 255 230 414 258 233 256 0 0 0 
0 0 0 0 0 0 0 0 0 0 0 18 292 569 783 1066 1023 1083 1109 731 603 643 0 0 0 0 
0 0 0 0 0 0 0 52 412 1201 1814 2217 2633 2802 2903 2722 2565 2186 1489 1177 1171 0 0 0 0 0 
0 0 0 16 214 1139 2676 3936 4854 5338 5638 6115 5734 5416 4936 4177 3294 2309 1744 1600 0 0 0 0 0 0 
5 94 924 3229 5919 7417 8742 9511 9481 9230 9244 8533 7290 6323 5228 3790 2751 1996 1669 0 0 0 0 0 0 0 
551 3474 7537 10298 11522 12139 12238 11667 10825 10041 8898 7753 5892 4811 3504 2444 1785 1341 0 0 0 0 0 0 0 0 
3992 9208 11162 12027 11500 11319 10240 8846 8119 6856 5546 4694 3031 2375 1680 1210 835 0 0 0 0 0 0 0 0 0 
6601 8386 8275 7979 6843 6483 5147 4336 3830 2901 2232 1846 901 810 615 399 0 0 0 0 0 0 0 0 0 0 
4189 3803 3354 2915 2331 2105 1455 1262 1025 700 540 428 116 210 143 0 0 0 0 0 0 0 0 0 0 0 
996 732 583 461 351 297 179 165 117 77 59 44 0 35 0 0 0 0 0 0 0 0 0 0 0 0 
