0 0 0 0 0 0 0 0 0 0 0 0 0 0 0 0 0 0 0 0 0 0 0 0 0 0 1 
0 0 0 0 0 0 0 0 0 0 0 0 0 0 0 0 0 0 0 0 0 0 0 0 13 13 0 
0 0 0 0 0 0 0 0 0 0 0 0 0 0 0 0 0 0 0 0 0 72 82 76 82 0 0 
0 0 0 0 0 0 0 0 0 0 0 0 0 0 0 0 0 162 323 304 534 338 301 326 0 0 0 
0 0 0 0 0 0 0 0 0 0 0 0 46 477 823 1104 1530 1516 1555 1583 1059 850 897 0 0 0 0 
0 0 0 0 0 0 0 2 173 863 2073 2886 3603 4300 4461 4664 4494 4200 3428 2414 1819 1804 0 0 0 0 0 
0 0 0 1 101 833 2747 5298 7307 9001 9852 10462 10987 10556 9921 9084 7862 5906 4154 3009 2743 0 0 0 0 0 0 
3 78 783 3772 8735 12908 16141 18769 20306 19941 20134 19547 17110 15823 13664 11096 8118 5613 3887 3220 0 0 0 0 0 0 0 
623 5132 13599 20889 25978 29066 30588 31312 29546 26701 26139 22150 17574 16030 12414 8784 6018 3977 2952 0 0 0 0 0 0 0 0 
7877 21923 30106 33507 37106 35596 34864 32398 27665 24442 22159 16812 12410 11217 7564 5068 3239 2127 0 0 0 0 0 0 0 0 0 
20015 29857 31761 32097 31714 28081 25798 21878 17362 15245 12495 8603 6019 5338 3320 2074 1207 0 0 0 0 0 0 0 0 0 0 
20516 21384 20420 18589 17146 14151 12039 9602 7052 6253 4491 2921 1875 1755 1015 535 0 0 0 0 0 0 0 0 0 0 0 
10143 8587 7401 6190 5407 4118 3279 2481 1687 1528 922 606 336 383 180 0 0 0 0 0 0 0 0 0 0 0 0 
2075 1499 1172 914 753 535 393 292 178 171 78 62 25 45 0 0 0 0 0 0 0 0 0 0 0 0 0 
