0 0 0 0 0 0 0 0 0 0 0 0 0 0 0 0 0 0 0 0 0 0 0 0 0 0 0 1 
0 0 0 0 0 0 0 0 0 0 0 0 0 0 0 0 0 0 0 0 0 0 0 0 0 13 13 0 
0 0 0 0 0 0 0 0 0 0 0 0 0 0 0 0 0 0 0 0 0 0 72 82 76 82 0 0 
0 0 0 0 0 0 0 0 0 0 0 0 0 0 0 0 0 0 162 329 297 544 327 303 326 0 0 0 
0 0 0 0 0 0 0 0 0 0 0 0 0 46 485 859 1118 1533 1493 1542 1595 1019 851 899 0 0 0 0 
0 0 0 0 0 0 0 0 2 191 962 2203 2904 3736 4287 4470 4561 4433 4095 3391 2327 1810 1812 0 0 0 0 0 
0 0 0 0 3 135 1083 3287 5875 7505 8949 9793 10650 10897 10263 9588 8823 7544 5691 3994 2982 2762 0 0 0 0 0 0 
0 9 165 1455 5373 10413 13763 16867 18647 19774 19491 19684 18978 16823 14803 12853 10540 7605 5315 3838 3252 0 0 0 0 0 0 0 
179 2336 9009 17276 23308 27091 28532 29988 29445 28000 25932 24156 20809 17236 14290 11345 8122 5538 3889 2991 0 0 0 0 0 0 0 0 
4432 16855 26525 32018 35139 34427 33696 32340 29034 25858 22866 19385 15421 12128 9394 6755 4549 3099 2159 0 0 0 0 0 0 0 0 0 
15049 27573 29895 31407 31145 27233 25504 22633 18618 16301 13248 10509 7721 5807 4207 2869 1923 1222 0 0 0 0 0 0 0 0 0 0 
17857 20799 19444 18546 17117 13517 12311 10082 7657 6763 4858 3748 2523 1807 1283 896 536 0 0 0 0 0 0 0 0 0 0 0 
9499 8406 7148 6227 5399 3909 3458 2596 1864 1660 1013 805 502 310 277 175 0 0 0 0 0 0 0 0 0 0 0 0 
2009 1471 1150 918 750 508 427 296 207 181 90 82 45 21 37 0 0 0 0 0 0 0 0 0 0 0 0 0 
