0 0 0 0 0 0 0 0 0 0 0 0 0 0 0 0 0 0 0 0 0 0 0 0 0 0 0 0 1 
0 0 0 0 0 0 0 0 0 0 0 0 0 0 0 0 0 0 0 0 0 0 0 0 0 0 14 14 0 
0 0 0 0 0 0 0 0 0 0 0 0 0 0 0 0 0 0 0 0 0 0 0 84 96 88 96 0 0 
0 0 0 0 0 0 0 0 0 0 0 0 0 0 0 0 0 0 0 210 422 369 691 423 381 416 0 0 0 
0 0 0 0 0 0 0 0 0 0 0 0 0 0 88 718 1178 1554 2112 2126 2138 2223 1443 1180 1256 0 0 0 0 
0 0 0 0 0 0 0 0 0 22 434 1697 3484 4368 5696 6726 6895 6970 6978 6348 5225 3637 2792 2792 0 0 0 0 0 
0 0 0 0 3 48 544 2670 6328 10176 13241 15436 16895 18048 19057 17807 16706 15287 13234 9842 6977 5154 4739 0 0 0 0 0 0 
0 2 123 1097 5233 13315 21222 27272 33228 36873 38747 38171 39189 36077 33378 29630 25510 20755 15135 10538 7516 6285 0 0 0 0 0 0 0 
185 2498 11929 27850 42309 52845 61142 64808 68693 66626 63638 59151 55945 44237 40664 33430 26040 18566 12843 8762 6607 0 0 0 0 0 0 0 0 
6800 30755 56890 73608 85888 92135 92818 90787 88004 76881 71587 61452 53123 37880 35424 26201 18456 12512 8266 5557 0 0 0 0 0 0 0 0 0 
34772 73647 89395 96893 104303 97382 92604 84331 75714 61234 56432 43439 35589 22841 22048 14553 9800 6279 3768 0 0 0 0 0 0 0 0 0 0 
60424 79989 82043 81293 80905 68364 61982 53033 44321 33747 30663 20891 16833 9461 9668 5972 3819 2064 0 0 0 0 0 0 0 0 0 0 0 
50766 50760 47414 42969 40310 31112 27038 21867 17007 12324 11048 6499 5512 2419 2996 1784 911 0 0 0 0 0 0 0 0 0 0 0 0 
22166 18468 15812 13279 11746 8370 6988 5329 3881 2695 2385 1164 1153 286 652 314 0 0 0 0 0 0 0 0 0 0 0 0 0 
4126 2963 2336 1832 1524 1016 814 578 407 262 238 87 118 0 83 0 0 0 0 0 0 0 0 0 0 0 0 0 0 
