0 0 0 0 0 0 0 0 0 0 0 0 0 0 0 0 0 0 0 0 0 0 0 0 0 0 0 0 0 1 
0 0 0 0 0 0 0 0 0 0 0 0 0 0 0 0 0 0 0 0 0 0 0 0 0 0 0 14 14 0 
0 0 0 0 0 0 0 0 0 0 0 0 0 0 0 0 0 0 0 0 0 0 0 0 84 96 89 95 0 0 
0 0 0 0 0 0 0 0 0 0 0 0 0 0 0 0 0 0 0 0 210 422 379 693 417 383 408 0 0 0 
0 0 0 0 0 0 0 0 0 0 0 0 0 0 0 88 738 1172 1627 2123 2102 2153 2221 1406 1163 1223 0 0 0 0 
0 0 0 0 0 0 0 0 0 0 23 481 1797 3661 4492 5754 6683 7073 6992 6819 6253 5146 3511 2680 2699 0 0 0 0 0 
0 0 0 0 0 4 56 709 3246 7128 10557 13502 15736 16964 18241 18864 17703 16521 14853 12622 9514 6616 4818 4538 0 0 0 0 0 0 
0 0 5 248 1875 7252 15839 23198 28529 33774 36531 38571 37652 38582 35948 32569 28369 24387 19280 14153 9770 6825 5939 0 0 0 0 0 0 0 
27 770 5923 18494 33869 46866 55723 61433 64257 66653 64298 61605 56943 53505 44085 38063 30612 23633 16669 11519 7699 6122 0 0 0 0 0 0 0 0 
3131 19778 45767 65677 79213 87851 89302 89284 86159 82301 72519 66885 57703 49278 37751 31160 22686 15883 10724 6973 4999 0 0 0 0 0 0 0 0 0 
23573 62065 83023 92608 98609 97073 90581 84937 76820 68009 57049 50467 39487 32049 22787 17904 11801 7921 5021 3240 0 0 0 0 0 0 0 0 0 0 
49175 74679 79165 79111 77726 69892 61135 54235 46167 38398 31202 25915 18372 14698 9536 7117 4461 2830 1658 0 0 0 0 0 0 0 0 0 0 0 
45391 48991 46276 42302 39045 32409 26730 22558 18137 14383 11174 8751 5643 4556 2611 1936 1185 658 0 0 0 0 0 0 0 0 0 0 0 0 
20789 18043 15560 13125 11478 8819 6904 5529 4239 3229 2340 1785 1034 861 415 346 192 0 0 0 0 0 0 0 0 0 0 0 0 0 
3962 2924 2309 1813 1507 1073 801 609 447 329 217 171 81 79 26 36 0 0 0 0 0 0 0 0 0 0 0 0 0 0 
