0 0 0 0 0 0 0 0 0 0 0 0 0 0 0 0 0 0 0 0 0 0 0 0 0 0 0 0 0 0 1 
0 0 0 0 0 0 0 0 0 0 0 0 0 0 0 0 0 0 0 0 0 0 0 0 0 0 0 0 15 15 0 
0 0 0 0 0 0 0 0 0 0 0 0 0 0 0 0 0 0 0 0 0 0 0 0 0 98 109 103 110 0 0 
0 0 0 0 0 0 0 0 0 0 0 0 0 0 0 0 0 0 0 0 0 282 508 472 864 522 479 513 0 0 0 
0 0 0 0 0 0 0 0 0 0 0 0 0 0 0 0 164 1083 1531 2190 2879 2872 2914 3004 1929 1597 1677 0 0 0 0 
0 0 0 0 0 0 0 0 0 0 0 83 1010 2914 5382 6659 8681 9945 10266 10480 10291 9313 7624 5304 4080 4064 0 0 0 0 0 
0 0 0 0 0 0 13 275 1946 6450 12469 17610 22214 26032 27526 30445 30844 29034 27041 24973 20923 15641 11114 8199 7571 0 0 0 0 0 0 
0 0 7 108 1178 6253 17799 31545 43281 53360 62726 67833 69988 70650 69854 66494 59048 52965 45464 36259 26151 18499 13113 11105 0 0 0 0 0 0 0 
27 644 5595 22548 50291 77281 99589 116898 128001 137067 138790 135089 127530 121941 106539 93351 79059 66262 50422 35619 24845 16953 13019 0 0 0 0 0 0 0 0 
3848 28230 78589 126659 166659 192167 210624 215387 216883 212168 194592 179044 159579 142157 109557 95585 76087 57709 39745 27084 17876 12331 0 0 0 0 0 0 0 0 0 
43549 133249 201533 237233 270857 277570 273076 260836 247138 221477 190195 169429 140739 116391 81142 72520 52513 36608 24116 15391 9510 0 0 0 0 0 0 0 0 0 0 
128637 223863 257604 268153 287013 261548 242502 219711 195354 162025 133011 115228 87598 68660 43408 40310 26442 17648 10808 5997 0 0 0 0 0 0 0 0 0 0 0 
169901 207588 209521 201727 201791 167876 148590 127815 106803 82792 65518 55335 37657 29219 16176 16107 9978 6192 3094 0 0 0 0 0 0 0 0 0 0 0 0 
121706 119042 109827 98112 92474 71140 60242 49347 38615 28405 21602 17939 10540 8771 3758 4605 2730 1305 0 0 0 0 0 0 0 0 0 0 0 0 0 
47653 39796 33765 28212 25100 17992 14632 11366 8337 5934 4258 3538 1714 1694 407 929 433 0 0 0 0 0 0 0 0 0 0 0 0 0 0 
8134 5931 4649 3651 3065 2066 1609 1187 813 577 373 326 118 160 0 109 0 0 0 0 0 0 0 0 0 0 0 0 0 0 0 
