0 0 0 0 0 0 0 0 0 0 0 0 0 0 0 0 0 0 0 0 0 0 0 0 0 0 0 0 0 0 0 1 
0 0 0 0 0 0 0 0 0 0 0 0 0 0 0 0 0 0 0 0 0 0 0 0 0 0 0 0 0 15 15 0 
0 0 0 0 0 0 0 0 0 0 0 0 0 0 0 0 0 0 0 0 0 0 0 0 0 0 98 110 102 110 0 0 
0 0 0 0 0 0 0 0 0 0 0 0 0 0 0 0 0 0 0 0 0 0 282 521 465 871 515 474 512 0 0 0 
0 0 0 0 0 0 0 0 0 0 0 0 0 0 0 0 0 164 1120 1575 2209 2906 2843 2908 2996 1874 1574 1671 0 0 0 0 
0 0 0 0 0 0 0 0 0 0 0 0 85 1116 3110 5605 6783 8837 9978 10267 10370 10164 9108 7560 5076 3994 4043 0 0 0 0 0 
0 0 0 0 0 0 0 18 315 2445 7472 13489 18322 22602 26179 28001 30382 30614 28189 26694 24222 20147 15211 10567 7934 7517 0 0 0 0 0 0 
0 0 0 9 179 1937 8742 21718 35238 45765 55047 63534 67482 69408 69287 69764 64402 57005 50562 43653 34129 24910 17386 12536 10987 0 0 0 0 0 0 0 
2 108 1811 11072 33148 61284 85943 106242 119412 128120 134760 136482 129785 123672 116223 104204 88053 74315 61136 46842 32984 22997 15959 12806 0 0 0 0 0 0 0 0 
1384 14864 54241 104762 146372 177874 199260 208358 209545 209408 200228 186450 165576 151012 130635 107056 86555 68576 51332 36092 24467 16502 12011 0 0 0 0 0 0 0 0 0 
26447 102979 177368 222396 253154 268877 268911 257543 243685 228694 201866 177579 149510 130094 103602 79690 61309 45431 31688 21307 13827 9115 0 0 0 0 0 0 0 0 0 0 
98947 201978 243518 261600 272180 261863 242781 217370 197358 173256 142455 121044 96205 79872 59152 42391 31479 22193 14860 9418 5600 0 0 0 0 0 0 0 0 0 0 0 
147687 198535 202722 199317 193768 171114 149604 126053 110982 90465 69962 58375 43206 34622 23859 15645 11754 8107 5121 2782 0 0 0 0 0 0 0 0 0 0 0 0 
112858 116340 107064 97798 89522 73114 60765 48435 41442 31136 23006 18991 12868 10145 6502 3745 3184 2141 1104 0 0 0 0 0 0 0 0 0 0 0 0 0 
45712 39235 33105 28248 24453 18553 14722 11164 9228 6383 4595 3734 2278 1820 1086 493 614 337 0 0 0 0 0 0 0 0 0 0 0 0 0 0 
7943 5876 4579 3663 3006 2127 1614 1173 924 596 422 334 182 152 84 23 70 0 0 0 0 0 0 0 0 0 0 0 0 0 0 0 
