0 0 0 0 0 0 0 0 0 0 0 0 0 0 0 0 0 0 0 0 0 0 0 0 0 0 0 0 0 0 0 0 1 
0 0 0 0 0 0 0 0 0 0 0 0 0 0 0 0 0 0 0 0 0 0 0 0 0 0 0 0 0 0 16 16 0 
0 0 0 0 0 0 0 0 0 0 0 0 0 0 0 0 0 0 0 0 0 0 0 0 0 0 0 112 126 117 125 0 0 
0 0 0 0 0 0 0 0 0 0 0 0 0 0 0 0 0 0 0 0 0 0 0 354 638 576 1065 642 583 622 0 0 0 
0 0 0 0 0 0 0 0 0 0 0 0 0 0 0 0 0 0 264 1518 2106 2917 3846 3847 3872 3966 2525 2077 2182 0 0 0 0 
0 0 0 0 0 0 0 0 0 0 0 0 0 227 1908 4792 8045 9757 12769 14592 14896 15040 14918 13167 10864 7427 5668 5706 0 0 0 0 0 
0 0 0 0 0 0 0 2 105 986 5191 13155 21723 29130 36624 41288 44191 48238 49055 45290 42356 38804 31968 23846 16831 12199 11530 0 0 0 0 0 0 
0 0 0 3 109 1049 6276 20966 42473 63694 81364 97709 111573 118944 122650 121179 122459 113433 101545 89488 76558 59936 43200 30211 21068 18433 0 0 0 0 0 0 0 
2 77 1414 9586 37134 82939 130657 172927 210357 234215 255436 265687 266160 256587 244694 226257 205727 173580 147947 120910 90929 64139 44149 29527 23683 0 0 0 0 0 0 0 0 
1468 16985 73436 169040 262065 339711 396223 443504 464805 469265 471154 443069 412205 376660 337754 284541 242002 194033 155192 114015 78559 52918 33975 24701 0 0 0 0 0 0 0 0 0 
40354 181246 358035 490612 587013 646962 685598 685190 670860 629185 589030 514140 458156 400002 330562 256885 212097 160603 118096 79948 52297 32260 21061 0 0 0 0 0 0 0 0 0 0 
211613 490655 654021 739802 803959 806450 787335 734242 681139 596496 527006 433698 375876 309099 234399 171697 139537 98577 67210 42818 25293 14742 0 0 0 0 0 0 0 0 0 0 0 
430559 648214 718277 736132 754847 688607 637696 559123 494629 405855 341068 267746 226181 172746 121002 84856 68345 45171 28820 16366 8480 0 0 0 0 0 0 0 0 0 0 0 0 
461649 528038 526268 500767 484963 408590 361232 299328 253052 195217 157059 118293 97342 68226 44730 30177 24596 15335 8655 4003 0 0 0 0 0 0 0 0 0 0 0 0 0 
289522 275576 252772 224307 206471 161629 136829 107752 86809 63274 49145 35335 28554 17978 11400 7253 6356 3578 1540 0 0 0 0 0 0 0 0 0 0 0 0 0 0 
102823 84986 72100 60067 52610 38442 31249 23454 17951 12451 9385 6381 5156 2789 1845 1040 1094 465 0 0 0 0 0 0 0 0 0 0 0 0 0 0 0 
16194 11799 9294 7303 6077 4172 3255 2333 1700 1120 831 523 436 185 151 62 101 0 0 0 0 0 0 0 0 0 0 0 0 0 0 0 0 
