0 0 0 0 0 0 0 0 0 0 0 0 0 0 0 0 0 0 0 0 0 0 0 0 0 0 0 0 0 0 0 0 0 1 
0 0 0 0 0 0 0 0 0 0 0 0 0 0 0 0 0 0 0 0 0 0 0 0 0 0 0 0 0 0 0 16 16 0 
0 0 0 0 0 0 0 0 0 0 0 0 0 0 0 0 0 0 0 0 0 0 0 0 0 0 0 0 112 125 118 125 0 0 
0 0 0 0 0 0 0 0 0 0 0 0 0 0 0 0 0 0 0 0 0 0 0 0 354 632 583 1068 629 591 623 0 0 0 
0 0 0 0 0 0 0 0 0 0 0 0 0 0 0 0 0 0 0 264 1527 2114 2959 3842 3789 3898 3960 2467 2109 2191 0 0 0 0 
0 0 0 0 0 0 0 0 0 0 0 0 0 0 232 2020 4895 8204 9903 12915 14375 14924 14980 14689 13076 10784 7278 5755 5746 0 0 0 0 0 
0 0 0 0 0 0 0 0 2 113 1145 5896 14320 22698 29549 36503 41763 44341 48328 47993 44593 41871 38016 31291 23518 16536 12389 11647 0 0 0 0 0 0 
0 0 0 0 6 156 1490 8517 25340 47099 67419 83417 98911 111694 117111 121629 120901 120460 110553 98255 87375 73986 57964 42227 29722 21402 18686 0 0 0 0 0 0 0 
0 9 245 3088 16589 51261 98669 143472 183292 215577 234722 250892 261530 259909 249067 239473 221126 196776 166489 141593 114968 86430 62047 43391 29999 24106 0 0 0 0 0 0 0 0 
418 6731 39981 115743 211164 292834 359651 411194 442620 451612 454363 449341 428409 393566 357110 324255 272599 225820 182989 144525 106028 74760 51796 34511 25260 0 0 0 0 0 0 0 0 0 
20976 120189 284976 429413 535186 608638 650202 673777 650547 624020 593286 548555 487559 424779 367912 312893 241493 192495 147108 106891 74229 50671 32741 21656 0 0 0 0 0 0 0 0 0 0 
147570 408175 595603 693069 764439 783538 768294 741072 661352 611874 549844 477519 402535 336170 275333 221036 157537 121723 87216 60236 40672 25595 15262 0 0 0 0 0 0 0 0 0 0 0 
351294 594817 684674 708254 729806 684736 630230 572543 478438 431651 365330 299369 243081 193794 149424 115439 74373 56738 39031 26413 16427 8858 0 0 0 0 0 0 0 0 0 0 0 0 
410978 504136 510934 487903 474862 410992 359312 309766 243124 215535 170919 133156 105175 79223 57920 43781 24227 19444 13400 8502 4231 0 0 0 0 0 0 0 0 0 0 0 0 0 
270378 267821 247465 220776 203586 163522 136725 112282 82795 72588 53564 40155 30908 21824 15328 11497 4895 4938 3387 1646 0 0 0 0 0 0 0 0 0 0 0 0 0 0 
98563 83414 71022 59531 52090 39023 31334 24518 17039 14813 10092 7417 5511 3655 2494 1880 462 929 501 0 0 0 0 0 0 0 0 0 0 0 0 0 0 0 
15750 11664 9196 7268 6040 4239 3275 2441 1607 1384 864 638 447 285 187 145 0 106 0 0 0 0 0 0 0 0 0 0 0 0 0 0 0 0 
