0 0 0 0 0 0 0 0 0 0 0 0 0 0 0 0 0 0 0 0 0 0 0 0 0 0 0 0 0 0 0 0 0 0 1 
0 0 0 0 0 0 0 0 0 0 0 0 0 0 0 0 0 0 0 0 0 0 0 0 0 0 0 0 0 0 0 0 17 17 0 
0 0 0 0 0 0 0 0 0 0 0 0 0 0 0 0 0 0 0 0 0 0 0 0 0 0 0 0 0 128 141 133 142 0 0 
0 0 0 0 0 0 0 0 0 0 0 0 0 0 0 0 0 0 0 0 0 0 0 0 0 450 755 701 1301 768 707 758 0 0 0 
0 0 0 0 0 0 0 0 0 0 0 0 0 0 0 0 0 0 0 0 424 2062 2705 3864 5009 4975 5052 5201 3218 2710 2860 0 0 0 0 
0 0 0 0 0 0 0 0 0 0 0 0 0 0 8 522 3332 7167 11493 13921 18309 20491 20825 21095 20965 18385 15214 10230 7981 8078 0 0 0 0 0 
0 0 0 0 0 0 0 0 0 10 358 2945 11028 23385 35161 45948 56593 63797 67790 74496 74022 68197 63973 59052 47881 35918 25145 18643 17722 0 0 0 0 0 0 
0 0 0 0 2 39 747 5026 21147 50500 83845 115288 142615 167866 188139 198260 204379 202814 202301 185840 165021 147180 125351 97398 70245 49261 35121 30959 0 0 0 0 0 0 0 
0 2 168 1944 13493 52193 122571 203781 276899 347216 401573 440187 473685 486881 481498 466788 440480 409483 363995 308945 265214 215272 160688 113672 78886 54057 43789 0 0 0 0 0 0 0 0 
331 6077 44127 150024 318152 490818 637683 757949 859537 919662 943725 956160 940290 883785 817174 749977 651372 566098 468366 383745 304366 220715 152750 104323 68789 50725 0 0 0 0 0 0 0 0 0 
26279 178181 485119 810036 1090209 1291923 1440216 1536027 1571786 1540515 1484948 1411706 1284789 1140964 1005466 871156 690195 581034 458265 353870 254165 171896 114600 72875 48532 0 0 0 0 0 0 0 0 0 0 
264607 843535 1352648 1680073 1948887 2054589 2123980 2076765 1987014 1831983 1679741 1501228 1280488 1100707 915323 748115 544333 458330 340173 243193 162072 105214 64462 38588 0 0 0 0 0 0 0 0 0 0 0 
844274 1616131 1991852 2173466 2340274 2263256 2193326 2013086 1820153 1595768 1396389 1174752 952233 799573 616877 482049 324295 277159 190303 127014 80528 47686 25604 0 0 0 0 0 0 0 0 0 0 0 0 
1314941 1802253 1936663 1944935 1985130 1765083 1630332 1415988 1214098 1019225 850091 676986 526401 431618 304555 233754 144247 126058 80147 50892 29344 14219 0 0 0 0 0 0 0 0 0 0 0 0 0 
1198758 1320009 1292499 1213863 1175109 971961 858806 709363 578138 466338 370148 281496 210207 168612 106806 84425 45703 42021 25444 14812 6602 0 0 0 0 0 0 0 0 0 0 0 0 0 0 
672488 633206 573323 505764 465909 360968 305179 241022 186518 145191 109455 80314 57141 45386 24994 21915 9201 10096 5841 2537 0 0 0 0 0 0 0 0 0 0 0 0 0 0 0 
219058 181389 152629 127032 111502 81271 65813 49820 36604 27628 19684 14159 9401 7595 3451 3702 881 1719 774 0 0 0 0 0 0 0 0 0 0 0 0 0 0 0 0 
32058 23586 18506 14580 12189 8395 6511 4733 3304 2430 1619 1176 693 607 202 309 0 174 0 0 0 0 0 0 0 0 0 0 0 0 0 0 0 0 0 
