0 0 0 0 0 0 0 0 0 0 0 0 0 0 0 0 0 0 0 0 0 0 0 0 0 0 0 0 0 0 0 0 0 0 0 1 
0 0 0 0 0 0 0 0 0 0 0 0 0 0 0 0 0 0 0 0 0 0 0 0 0 0 0 0 0 0 0 0 0 17 17 0 
0 0 0 0 0 0 0 0 0 0 0 0 0 0 0 0 0 0 0 0 0 0 0 0 0 0 0 0 0 0 128 142 133 141 0 0 
0 0 0 0 0 0 0 0 0 0 0 0 0 0 0 0 0 0 0 0 0 0 0 0 0 0 450 773 696 1307 761 706 747 0 0 0 
0 0 0 0 0 0 0 0 0 0 0 0 0 0 0 0 0 0 0 0 0 424 2135 2741 3931 5039 4980 5007 5182 3163 2675 2803 0 0 0 0 
0 0 0 0 0 0 0 0 0 0 0 0 0 0 0 8 546 3560 7525 11882 14169 18529 20448 21083 20933 20733 18029 14962 9973 7756 7880 0 0 0 0 0 
0 0 0 0 0 0 0 0 0 0 10 401 3421 12666 25270 36783 46956 57784 64564 68288 74577 72893 67642 63070 57420 46275 34814 24206 17822 17202 0 0 0 0 0 0 
0 0 0 0 0 1 51 999 7062 26520 58608 91522 120951 147394 171207 189540 198278 203306 201172 199704 181381 160251 142290 120221 92440 66943 46629 33008 29866 0 0 0 0 0 0 0 
0 0 1 367 3859 22565 72961 149883 228211 300384 362808 411359 442697 471805 481629 472952 455358 430437 397327 350242 295847 249472 202121 150072 106098 73158 49850 41897 0 0 0 0 0 0 0 0 
65 1655 18221 85372 223004 395158 555432 687455 795484 873974 914542 934239 930173 908245 849346 783573 711471 629451 533288 440026 353960 276627 202019 139497 94456 62009 47978 0 0 0 0 0 0 0 0 0 
11391 102263 348283 670397 960911 1193600 1359078 1468701 1523696 1526802 1481808 1421684 1324723 1208493 1065200 938338 804181 662394 527762 413977 312569 225174 153317 100968 63902 45140 0 0 0 0 0 0 0 0 0 0 
168864 657218 1187326 1554913 1830848 1993201 2052230 2045336 1977675 1852427 1705872 1552259 1357452 1178684 991362 834495 670883 520066 394399 293301 207568 140104 89908 54642 35015 0 0 0 0 0 0 0 0 0 0 0 
656637 1442845 1876830 2090712 2256449 2239939 2150482 2014257 1841407 1630804 1436769 1243107 1025460 857846 691047 553847 416703 307041 223233 157615 105378 66469 38766 22405 0 0 0 0 0 0 0 0 0 0 0 0 
1140914 1705755 1873191 1905981 1933562 1770937 1609691 1429238 1242311 1046842 885726 729122 570591 462996 357927 271735 190798 135275 95478 64188 40210 22694 11798 0 0 0 0 0 0 0 0 0 0 0 0 0 
1106644 1279850 1265390 1199993 1152683 981961 850955 719817 596042 480237 390390 306325 228512 180530 134320 95622 62725 43650 30349 19272 10776 5077 0 0 0 0 0 0 0 0 0 0 0 0 0 0 
642720 621017 564764 502785 459011 365767 303163 245086 193512 149703 116613 87663 62542 48185 34603 22746 14142 9857 6858 3957 1754 0 0 0 0 0 0 0 0 0 0 0 0 0 0 0 
213397 179063 151000 126691 110171 82464 65457 50706 38197 28470 21152 15365 10505 7881 5470 3269 1990 1397 1007 460 0 0 0 0 0 0 0 0 0 0 0 0 0 0 0 0 
31561 23386 18365 14564 12075 8519 6479 4822 3465 2496 1760 1248 819 595 399 214 135 93 77 0 0 0 0 0 0 0 0 0 0 0 0 0 0 0 0 0 
