0 0 0 0 0 0 0 0 0 0 0 0 0 0 0 0 0 0 0 0 0 0 0 0 0 0 0 0 0 0 0 0 0 0 0 0 1 
0 0 0 0 0 0 0 0 0 0 0 0 0 0 0 0 0 0 0 0 0 0 0 0 0 0 0 0 0 0 0 0 0 0 18 18 0 
0 0 0 0 0 0 0 0 0 0 0 0 0 0 0 0 0 0 0 0 0 0 0 0 0 0 0 0 0 0 0 144 159 150 159 0 0 
0 0 0 0 0 0 0 0 0 0 0 0 0 0 0 0 0 0 0 0 0 0 0 0 0 0 0 548 916 830 1567 917 850 900 0 0 0 
0 0 0 0 0 0 0 0 0 0 0 0 0 0 0 0 0 0 0 0 0 0 614 2756 3466 5019 6401 6446 6436 6636 4103 3464 3619 0 0 0 0 
0 0 0 0 0 0 0 0 0 0 0 0 0 0 0 0 16 1074 5242 10485 16158 19402 25605 28238 28759 28893 28919 24962 20666 13936 10876 10945 0 0 0 0 0 
0 0 0 0 0 0 0 0 0 0 0 52 1166 6686 20840 38505 54780 69852 86432 94878 101772 111275 109129 100377 94323 86621 69464 52215 36711 27183 25835 0 0 0 0 0 0 
0 0 0 0 0 2 14 413 3331 17621 52042 101752 151779 196711 239461 277747 305378 320762 328950 327048 322892 294237 262040 231296 197363 151638 109746 77386 55061 48802 0 0 0 0 0 0 0 
0 0 4 188 2439 15566 65090 164953 296033 417570 540715 646817 726897 789146 841027 850573 838354 806429 768679 704588 621272 529354 450334 362646 270814 191999 133893 91619 75049 0 0 0 0 0 0 0 0 
58 1281 15574 85769 266846 551278 853048 1126360 1364180 1564985 1712765 1786663 1835438 1835558 1781436 1658262 1547383 1388470 1239844 1044894 870761 709270 554749 402924 281278 192542 126735 95089 0 0 0 0 0 0 0 0 0 
12499 122542 488758 1070268 1685272 2228145 2657379 2972003 3229473 3321645 3332527 3241028 3139329 2907931 2646326 2338714 2086508 1728641 1461150 1166266 932794 706431 506787 346623 232061 146951 100141 0 0 0 0 0 0 0 0 0 0 
256593 1135887 2305533 3260282 4037754 4583997 4902609 5070408 5075118 4854883 4600273 4245028 3890247 3364670 2941616 2487382 2105560 1603363 1318526 1009502 762412 534699 361759 235647 143563 88241 0 0 0 0 0 0 0 0 0 0 0 
1330852 3289348 4652167 5457685 6134795 6324309 6332150 6115615 5772246 5194299 4714682 4147642 3594228 2937073 2504345 2009112 1611233 1128354 928850 677359 478697 316733 202486 118498 65386 0 0 0 0 0 0 0 0 0 0 0 0 
3004351 4990100 5858672 6227963 6582028 6269048 5934975 5425962 4864011 4144302 3628615 3044375 2498749 1950980 1631233 1226934 938643 604511 509709 350619 233677 145947 82752 40900 0 0 0 0 0 0 0 0 0 0 0 0 0 
3823420 4874033 5126723 5070092 5094011 4505039 4076426 3541048 3029403 2453242 2078452 1663167 1297938 974724 801517 556909 413918 242923 214434 139592 87839 48527 21663 0 0 0 0 0 0 0 0 0 0 0 0 0 0 
3054523 3246683 3143231 2920968 2794859 2314215 2006996 1661343 1361456 1049104 862188 658161 490745 355130 288666 181241 136075 69807 67709 42257 23629 9702 0 0 0 0 0 0 0 0 0 0 0 0 0 0 0 
1555026 1439119 1295531 1135478 1037548 808162 672413 532196 418132 307152 245429 178384 128170 89012 72138 39638 32150 12806 15755 9126 3643 0 0 0 0 0 0 0 0 0 0 0 0 0 0 0 0 
467988 384515 323264 268148 234267 172157 137598 104381 78583 55244 42925 29609 20799 13663 11220 5153 4954 1125 2599 1104 0 0 0 0 0 0 0 0 0 0 0 0 0 0 0 0 0 
63910 46982 36987 29119 24318 16905 12990 9462 6825 4606 3484 2264 1594 956 827 290 379 0 246 0 0 0 0 0 0 0 0 0 0 0 0 0 0 0 0 0 0 
