0 0 0 0 0 0 0 0 0 0 0 0 0 0 0 0 0 0 0 0 0 0 0 0 0 0 0 0 0 0 0 0 0 0 0 0 0 1 
0 0 0 0 0 0 0 0 0 0 0 0 0 0 0 0 0 0 0 0 0 0 0 0 0 0 0 0 0 0 0 0 0 0 0 18 18 0 
0 0 0 0 0 0 0 0 0 0 0 0 0 0 0 0 0 0 0 0 0 0 0 0 0 0 0 0 0 0 0 0 144 159 150 159 0 0 
0 0 0 0 0 0 0 0 0 0 0 0 0 0 0 0 0 0 0 0 0 0 0 0 0 0 0 0 548 919 833 1570 908 850 900 0 0 0 
0 0 0 0 0 0 0 0 0 0 0 0 0 0 0 0 0 0 0 0 0 0 0 614 2799 3483 5071 6427 6378 6456 6624 4028 3461 3619 0 0 0 0 
0 0 0 0 0 0 0 0 0 0 0 0 0 0 0 0 0 16 1110 5493 10732 16459 19631 25727 28135 28854 28781 28578 24733 20531 13616 10835 10945 0 0 0 0 0 
0 0 0 0 0 0 0 0 0 0 0 0 52 1318 7530 22794 40344 55980 70895 87207 95546 102199 110745 107684 99351 93553 84931 67957 51460 35760 26960 25830 0 0 0 0 0 0 
0 0 0 0 0 0 2 14 516 4527 22214 60581 111085 159354 202928 244075 279089 305560 320821 326779 323790 319019 287530 255185 227249 191470 146590 106904 75112 54317 48761 0 0 0 0 0 0 0 
0 0 1 6 354 4358 25260 89216 200580 330218 448626 564456 664088 731242 788273 832288 837553 826949 795151 748547 685194 602309 509420 433081 348113 258372 184574 129106 89831 74882 0 0 0 0 0 0 0 0 
10 252 4535 36455 149046 373601 667761 951580 1208503 1421965 1596367 1711467 1768355 1794045 1788496 1724005 1608612 1495886 1346691 1181240 998193 828471 668543 521628 379600 266358 183822 123308 94645 0 0 0 0 0 0 0 0 0 
4462 59449 295509 781663 1378633 1936926 2410908 2771660 3037220 3208997 3261124 3212287 3115054 2985499 2780314 2508102 2222330 1967348 1655964 1360139 1092506 862860 648943 467637 323276 218604 141509 99269 0 0 0 0 0 0 0 0 0 0 
147669 793839 1868004 2872725 3673724 4289710 4688909 4880783 4949129 4850505 4596637 4288143 3975767 3605498 3163683 2716608 2302646 1941718 1523055 1193660 918293 681725 481121 330149 218592 136361 86899 0 0 0 0 0 0 0 0 0 0 0 
966096 2755266 4230541 5118292 5805319 6130397 6177135 6016043 5750047 5289792 4756647 4258465 3790170 3246883 2716390 2235782 1813406 1459790 1063851 809631 592285 416174 281365 183965 110681 63731 0 0 0 0 0 0 0 0 0 0 0 0 
2485605 4553277 5574241 6000147 6351327 6179399 5867909 5405458 4911846 4264612 3684003 3180724 2712114 2198987 1772735 1399021 1085408 838045 563815 422012 294734 199638 129056 75677 39266 0 0 0 0 0 0 0 0 0 0 0 0 0 
3413014 4625181 4977267 4957258 4965376 4486004 4066112 3553386 3087307 2537734 2124082 1769327 1441530 1112075 869978 656388 487783 364118 221759 167313 113866 74620 43200 20362 0 0 0 0 0 0 0 0 0 0 0 0 0 0 
2850157 3140724 3083473 2880564 2744157 2315090 2016574 1672558 1396539 1088310 887429 712760 553601 409583 311599 224113 160041 116923 61471 49947 33971 20239 8865 0 0 0 0 0 0 0 0 0 0 0 0 0 0 0 
1488763 1407838 1278057 1126832 1023598 810055 679880 535805 431467 318978 254301 196910 145416 104271 76889 52693 36340 26385 10757 11189 7382 3202 0 0 0 0 0 0 0 0 0 0 0 0 0 0 0 0 
454833 378976 320076 267288 231852 172764 139774 104924 81605 57296 44760 33420 23399 16474 11663 7655 5121 3757 895 1847 917 0 0 0 0 0 0 0 0 0 0 0 0 0 0 0 0 0 
62681 46557 36712 29112 24122 16980 13235 9495 7130 4765 3650 2631 1740 1222 816 522 336 256 0 182 0 0 0 0 0 0 0 0 0 0 0 0 0 0 0 0 0 0 
