0 0 0 0 0 0 0 0 0 0 0 0 0 0 0 0 0 0 0 0 0 0 0 0 0 0 0 0 0 0 0 0 0 0 0 0 0 0 1 
0 0 0 0 0 0 0 0 0 0 0 0 0 0 0 0 0 0 0 0 0 0 0 0 0 0 0 0 0 0 0 0 0 0 0 0 19 19 0 
0 0 0 0 0 0 0 0 0 0 0 0 0 0 0 0 0 0 0 0 0 0 0 0 0 0 0 0 0 0 0 0 0 162 177 168 177 0 0 
0 0 0 0 0 0 0 0 0 0 0 0 0 0 0 0 0 0 0 0 0 0 0 0 0 0 0 0 0 674 1075 998 1858 1082 1006 1059 0 0 0 
0 0 0 0 0 0 0 0 0 0 0 0 0 0 0 0 0 0 0 0 0 0 0 0 898 3593 4396 6415 8133 8122 8155 8351 5103 4334 4516 0 0 0 0 
0 0 0 0 0 0 0 0 0 0 0 0 0 0 0 0 0 0 56 1967 8057 14847 22166 26727 34929 38315 38933 39112 38805 33274 27618 18376 14376 14538 0 0 0 0 0 
0 0 0 0 0 0 0 0 0 0 0 0 0 210 3008 13915 36077 60172 81896 105113 127263 138504 149249 161504 157578 144439 135788 123560 97936 74017 51517 38043 36659 0 0 0 0 0 0 
0 0 0 0 0 0 3 5 107 1819 12312 46869 109415 184186 255892 323941 387938 442349 482351 505008 513115 510998 499595 453917 400839 355194 299090 227684 165128 115759 81902 74248 0 0 0 0 0 0 0 
0 0 0 6 162 2249 16361 72567 204411 396876 598234 791636 983379 1142987 1260354 1364154 1427751 1435678 1404780 1357257 1280438 1169751 1022594 869667 735297 588244 433833 308336 213659 145432 122899 0 0 0 0 0 0 0 0 
10 184 3159 29118 143278 431786 884414 1395026 1881101 2314564 2700869 3017060 3214157 3330570 3398227 3355716 3209785 3009524 2767368 2519691 2201156 1858548 1534359 1244125 963538 693934 483614 328983 215392 168280 0 0 0 0 0 0 0 0 0 
4197 59575 352154 1072620 2124660 3247275 4270214 5117335 5803010 6323967 6659218 6757474 6668036 6502613 6198334 5694321 5147778 4599859 3988345 3417567 2785270 2241757 1762363 1326232 941794 642107 426354 268390 192253 0 0 0 0 0 0 0 0 0 0 
193216 1196725 3181847 5341060 7297432 8890678 10070469 10822343 11346952 11380676 11201180 10648230 9973925 9230124 8255678 7206889 6256847 5326598 4322675 3519997 2725149 2106766 1550630 1083893 726288 468288 282982 184399 0 0 0 0 0 0 0 0 0 0 0 
1704582 5517622 9213859 11819715 14038034 15318624 15946720 16036826 15766909 14861517 13883461 12530853 11220955 9873822 8349215 7040942 5878722 4725830 3591087 2826583 2100123 1543178 1060373 699005 438132 253425 149134 0 0 0 0 0 0 0 0 0 0 0 0 
5634314 11529623 15018308 16934963 18708488 18758417 18428819 17486250 16332304 14585117 13027584 11249091 9636227 8086464 6519916 5361512 4271566 3225878 2309270 1790171 1273618 882667 570417 349153 193203 102004 0 0 0 0 0 0 0 0 0 0 0 0 0 
9832141 14726138 16698738 17374493 18173084 16939434 15848397 14306711 12751168 10839499 9302084 7708219 6316583 5078572 3930513 3161063 2380050 1687913 1150249 890992 603240 393957 235479 125318 59117 0 0 0 0 0 0 0 0 0 0 0 0 0 0 
10640401 12887428 13311716 12991126 12948557 11277618 10132035 8719763 7436754 6042833 4991561 3976511 3119522 2415994 1800522 1416656 997790 669154 438279 342681 220725 133402 68689 29051 0 0 0 0 0 0 0 0 0 0 0 0 0 0 0 
7593128 7886364 7547347 6958808 6618777 5421966 4690675 3853581 3153396 2454535 1954221 1498925 1126189 846010 605829 467288 304172 196439 123320 99401 60520 31424 12069 0 0 0 0 0 0 0 0 0 0 0 0 0 0 0 0 
3543378 3250891 2903965 2538017 2307461 1786071 1488587 1170033 919723 686996 527886 390148 280901 206441 140739 107390 63403 40824 23884 20981 11397 4196 0 0 0 0 0 0 0 0 0 0 0 0 0 0 0 0 0 
991382 814316 681476 566100 492365 361233 290080 218610 165141 118626 87998 62751 43323 31418 20082 15455 7997 5463 2776 2978 1166 0 0 0 0 0 0 0 0 0 0 0 0 0 0 0 0 0 0 
126932 93881 73778 58371 48570 33855 26191 18966 13766 9537 6816 4714 3108 2253 1317 1058 448 366 134 227 0 0 0 0 0 0 0 0 0 0 0 0 0 0 0 0 0 0 0 
