0 0 0 0 0 0 0 0 0 0 0 0 0 0 0 0 0 0 0 0 0 0 0 0 0 0 0 0 0 0 0 0 0 0 0 0 0 0 0 1 
0 0 0 0 0 0 0 0 0 0 0 0 0 0 0 0 0 0 0 0 0 0 0 0 0 0 0 0 0 0 0 0 0 0 0 0 0 19 19 0 
0 0 0 0 0 0 0 0 0 0 0 0 0 0 0 0 0 0 0 0 0 0 0 0 0 0 0 0 0 0 0 0 0 0 162 177 168 177 0 0 
0 0 0 0 0 0 0 0 0 0 0 0 0 0 0 0 0 0 0 0 0 0 0 0 0 0 0 0 0 0 674 1082 991 1870 1069 1007 1059 0 0 0 
0 0 0 0 0 0 0 0 0 0 0 0 0 0 0 0 0 0 0 0 0 0 0 0 0 898 3663 4394 6463 8166 8061 8145 8355 5016 4337 4518 0 0 0 0 
0 0 0 0 0 0 0 0 0 0 0 0 0 0 0 0 0 0 0 56 2036 8402 15013 22666 27066 35165 37948 38908 38908 38595 32917 27473 18014 14373 14556 0 0 0 0 0 
0 0 0 0 0 0 0 0 0 0 0 0 0 0 217 3324 15186 38897 62149 83799 106546 128242 139417 149670 160580 154948 142317 134826 121938 96197 73026 50442 37986 36741 0 0 0 0 0 0 
0 0 0 0 0 0 0 3 0 127 2263 15217 55393 121553 197710 266229 331057 393768 445313 483736 502928 509221 506019 491677 441263 391855 348840 292749 221746 161705 113126 81674 74492 0 0 0 0 0 0 0 
0 0 0 0 6 267 3533 24736 98759 251688 448721 647462 835215 1017828 1160504 1266557 1358603 1416399 1417421 1387586 1326903 1247705 1135173 987906 839470 712403 569253 418960 299330 208383 144795 123426 0 0 0 0 0 0 0 0 
0 21 533 8109 57999 231955 588303 1067581 1563440 2026861 2432976 2776752 3039097 3203576 3289081 3331662 3271210 3120105 2914035 2687498 2406149 2108186 1770562 1466145 1186080 918339 663269 465058 319736 214077 169141 0 0 0 0 0 0 0 0 0 
1076 22496 174138 667650 1567919 2652551 3698501 4622600 5379753 5950785 6360231 6582000 6573852 6469680 6257473 5946779 5427808 4893874 4356923 3799357 3194335 2626015 2101495 1656779 1242054 886649 610831 411967 266146 193355 0 0 0 0 0 0 0 0 0 0 
96187 744046 2347468 4451482 6439260 8104036 9434759 10344297 10903045 11116380 11057216 10663867 10053228 9445761 8651724 7758155 6688341 5798185 4931779 4055416 3221592 2528182 1932449 1429688 1001008 680596 448648 279619 185522 0 0 0 0 0 0 0 0 0 0 0 
1143440 4357187 8042749 10892528 13108849 14610165 15477933 15670068 15481786 14854702 13956990 12738482 11517576 10370310 9002393 7681204 6326513 5300568 4296859 3329289 2526164 1904903 1381502 962164 641517 414349 249021 150037 0 0 0 0 0 0 0 0 0 0 0 0 
4454092 10244881 14020204 16235284 17913175 18333776 18168467 17318821 16248061 14784428 13246062 11534324 10074341 8682999 7154499 5867588 4636707 3758214 2897903 2115866 1550848 1123398 774530 512562 323591 188165 102558 0 0 0 0 0 0 0 0 0 0 0 0 0 
8556204 13836180 16045136 16976357 17652354 16751990 15778291 14278396 12787048 11084415 9529991 7947533 6730368 5541230 4346836 3458784 2620654 2055177 1506918 1035791 741948 517824 341246 212929 120207 59345 0 0 0 0 0 0 0 0 0 0 0 0 0 0 
9801746 12429462 12977053 12826375 12684662 11224370 10145665 8741793 7494084 6211501 5142976 4115550 3387465 2658501 1994179 1550981 1123197 851869 596565 382795 273361 185254 115899 64417 29048 0 0 0 0 0 0 0 0 0 0 0 0 0 0 0 
7232022 7709015 7418779 6909566 6523977 5410464 4714569 3874479 3184746 2531975 2021947 1555280 1246101 930626 671106 512819 353316 259219 175170 102393 76137 50355 28360 11963 0 0 0 0 0 0 0 0 0 0 0 0 0 0 0 0 
3440896 3203135 2868977 2529080 2284156 1783471 1500454 1178020 929535 710519 547601 405753 316461 224830 156747 118003 76945 54716 36275 18245 15636 9784 4073 0 0 0 0 0 0 0 0 0 0 0 0 0 0 0 0 0 
973686 806401 675644 565348 488794 360720 293041 220148 166942 122856 91443 65434 49598 33573 22756 16867 10372 7163 4782 1800 2276 1092 0 0 0 0 0 0 0 0 0 0 0 0 0 0 0 0 0 0 
125520 93273 73331 58366 48311 33801 26509 19082 13924 9872 7100 4924 3612 2341 1549 1125 655 435 308 54 196 0 0 0 0 0 0 0 0 0 0 0 0 0 0 0 0 0 0 0 
