0 0 0 0 0 0 0 0 0 0 0 0 0 0 0 0 0 0 0 0 0 0 0 0 0 0 0 0 0 0 0 0 0 0 0 0 0 0 0 0 1 
0 0 0 0 0 0 0 0 0 0 0 0 0 0 0 0 0 0 0 0 0 0 0 0 0 0 0 0 0 0 0 0 0 0 0 0 0 0 20 20 0 
0 0 0 0 0 0 0 0 0 0 0 0 0 0 0 0 0 0 0 0 0 0 0 0 0 0 0 0 0 0 0 0 0 0 0 180 197 186 197 0 0 
0 0 0 0 0 0 0 0 0 0 0 0 0 0 0 0 0 0 0 0 0 0 0 0 0 0 0 0 0 0 0 802 1272 1155 2196 1270 1177 1248 0 0 0 
0 0 0 0 0 0 0 0 0 0 0 0 0 0 0 0 0 0 0 0 0 0 0 0 0 0 1214 4619 5450 8026 10153 10142 10144 10418 6316 5391 5647 0 0 0 0 
0 0 0 0 0 0 0 0 0 0 0 0 0 0 0 0 0 0 0 0 126 3218 11868 19923 29901 35868 46841 50811 51408 51676 51749 43688 36531 24101 19072 19347 0 0 0 0 0 
0 0 0 0 0 0 0 0 0 0 0 0 0 0 0 655 6606 25004 57945 88901 119199 152799 181831 196999 213075 228996 221659 202303 191470 174508 136603 103947 72091 53942 52107 0 0 0 0 0 0 
0 0 0 0 0 0 0 0 11 33 619 6696 33398 101503 199338 308615 411811 509668 602309 680451 739050 766867 778571 775048 751806 676612 601301 533005 448563 338648 247329 173624 124507 113177 0 0 0 0 0 0 0 
0 0 0 0 9 108 1794 13894 70168 222900 486804 793137 1096782 1400563 1691165 1916080 2100274 2250119 2338980 2327801 2285785 2198790 2062945 1875090 1631684 1392257 1181109 939162 691641 494434 345072 237954 201819 0 0 0 0 0 0 0 0 
1 12 357 5220 44035 205624 624446 1309083 2130487 2949875 3710991 4403075 5010529 5456394 5750946 5922640 5990675 5856045 5591815 5201756 4829279 4331784 3777207 3183963 2636684 2143810 1650098 1188864 835166 574229 381173 299257 0 0 0 0 0 0 0 0 0 
1026 19446 170095 759223 2042254 3846823 5804629 7659147 9305583 10619494 11735778 12489807 12919939 12894590 12757106 12318729 11626350 10624295 9660292 8498994 7471275 6281519 5157568 4157508 3273744 2455876 1741767 1200277 808099 516436 372475 0 0 0 0 0 0 0 0 0 0 
111813 951876 3438672 7233867 11294281 15003731 18190822 20691612 22474277 23550662 24097653 23870734 23110725 21827246 20598890 18695627 16695637 14559884 12733949 10516661 8804939 7016366 5519254 4252001 3124073 2183343 1476638 969249 595683 391915 0 0 0 0 0 0 0 0 0 0 0 
1768550 7540608 15410376 22237675 28094434 32478861 35582395 37203659 37850343 37089846 35937367 33572238 30948606 27976220 25232064 21587570 18539059 15557093 13042618 10044331 8128746 6205555 4693900 3409457 2347954 1558981 996242 587888 350484 0 0 0 0 0 0 0 0 0 0 0 0 
8800806 22426757 33145050 40074563 46082563 48709986 49866174 49098208 47280190 43885141 40638359 36062355 31957141 27736880 23903038 19384547 16229272 13062102 10452630 7493978 5969777 4390788 3168533 2166864 1412883 879514 498183 267558 0 0 0 0 0 0 0 0 0 0 0 0 0 
21116278 37454648 46303804 50737775 54960502 53896563 52433398 48948080 45015151 39759628 35397052 29967421 25652473 21396079 17621948 13643057 11226024 8586633 6567672 4378519 3505133 2477507 1697552 1096582 666351 362986 175024 0 0 0 0 0 0 0 0 0 0 0 0 0 0 
30305593 41895249 46407296 47369349 48902722 44825763 41731477 37181905 32733877 27614723 23731551 19206860 15930697 12769963 10066354 7490331 6076897 4369003 3220991 1989384 1633785 1105755 718810 431262 227046 98429 0 0 0 0 0 0 0 0 0 0 0 0 0 0 0 
28767928 33361877 34041491 32733841 32356905 27836564 24943210 21265755 17944116 14508277 12061208 9343661 7527520 5793867 4388914 3148927 2524412 1683907 1218645 687238 594286 386001 234494 121197 47679 0 0 0 0 0 0 0 0 0 0 0 0 0 0 0 0 
18633818 18895718 17963398 16369618 15510140 12583789 10879287 8888650 7198372 5591124 4502311 3343148 2619649 1934005 1417106 978151 779160 473266 348020 171368 165020 102867 54234 19861 0 0 0 0 0 0 0 0 0 0 0 0 0 0 0 0 0 
8040314 7278747 6483490 5617954 5105658 3921409 3273795 2566835 1997161 1492866 1165606 830585 633682 448102 320414 211011 168994 90710 71862 27574 34152 19414 7025 0 0 0 0 0 0 0 0 0 0 0 0 0 0 0 0 0 0 
2102230 1715494 1436322 1186432 1034257 754152 608201 458114 342803 246996 187054 128090 95267 64336 45451 28111 23088 10446 9728 2151 5016 2021 0 0 0 0 0 0 0 0 0 0 0 0 0 0 0 0 0 0 0 
253252 187127 147572 116416 97303 67512 52597 38094 27447 19082 14024 9235 6716 4300 3062 1725 1507 527 658 0 420 0 0 0 0 0 0 0 0 0 0 0 0 0 0 0 0 0 0 0 0 
