0 0 0 0 0 0 0 0 0 0 0 0 0 0 0 0 0 0 0 0 0 0 0 0 0 0 0 0 0 0 0 0 0 0 0 0 0 0 0 0 0 1 
0 0 0 0 0 0 0 0 0 0 0 0 0 0 0 0 0 0 0 0 0 0 0 0 0 0 0 0 0 0 0 0 0 0 0 0 0 0 0 20 20 0 
0 0 0 0 0 0 0 0 0 0 0 0 0 0 0 0 0 0 0 0 0 0 0 0 0 0 0 0 0 0 0 0 0 0 0 0 180 197 187 196 0 0 
0 0 0 0 0 0 0 0 0 0 0 0 0 0 0 0 0 0 0 0 0 0 0 0 0 0 0 0 0 0 0 0 802 1273 1171 2197 1258 1183 1236 0 0 0 
0 0 0 0 0 0 0 0 0 0 0 0 0 0 0 0 0 0 0 0 0 0 0 0 0 0 0 1214 4649 5528 8135 10159 10075 10192 10403 6213 5377 5575 0 0 0 0 
0 0 0 0 0 0 0 0 0 0 0 0 0 0 0 0 0 0 0 0 0 126 3274 12204 20538 30268 36346 46912 50915 51838 51421 51110 43416 36301 23604 18802 19053 0 0 0 0 0 
0 0 0 0 0 0 0 0 0 0 0 0 0 0 0 0 683 7107 27327 60873 92035 121673 154303 183994 198683 213820 227852 219852 201514 189531 170921 134086 102479 70181 52540 51186 0 0 0 0 0 0 
0 0 0 0 0 0 0 0 0 11 35 716 8152 40214 115073 216715 324161 423919 521831 611776 685468 741221 766692 775245 769567 741892 664235 590623 522400 434876 328378 241102 167536 119879 110843 0 0 0 0 0 0 0 
0 0 0 0 0 13 161 2657 20778 96093 278134 558710 863660 1163079 1461099 1735064 1942267 2106620 2248753 2325090 2313402 2259725 2160335 2019871 1831071 1583898 1347759 1140571 899856 661653 475546 329111 226442 196902 0 0 0 0 0 0 0 0 
0 1 43 920 11947 81427 322066 839172 1578577 2396977 3188271 3912510 4555112 5101000 5492803 5724685 5852535 5885230 5746122 5462400 5092288 4681474 4181105 3632661 3053455 2513527 2031165 1558931 1119925 790478 540182 358051 290480 0 0 0 0 0 0 0 0 0 
195 5690 67439 388928 1284366 2830218 4699261 6568815 8304720 9789687 10947979 11870964 12476762 12730683 12638513 12361371 11920377 11204369 10238806 9245432 8178695 7097118 5948170 4863450 3900400 3041274 2272900 1614310 1114360 747986 477909 358997 0 0 0 0 0 0 0 0 0 0 
47291 523357 2254994 5508790 9451615 13222967 16518910 19268398 21367331 22645256 23358447 23546702 23099149 22137967 20872613 19452830 17743609 15777608 13743089 11897745 9964540 8188122 6498630 5080557 3871326 2823322 1978738 1343134 879430 541645 373968 0 0 0 0 0 0 0 0 0 0 0 
1087609 5523196 12675888 19725043 25739192 30392467 33839520 36005882 36907192 36560972 35618481 33936115 31539950 28886852 26091693 23210986 20138874 17134826 14327172 11883021 9402962 7375499 5594587 4183941 3003104 2068738 1383107 883340 523179 329732 0 0 0 0 0 0 0 0 0 0 0 0 
6579103 19061764 30056440 37683991 43714204 46967264 48595575 48398856 46784148 43964090 40833235 37091236 32953526 29086826 25179693 21431226 17808382 14601903 11706874 9292711 6955119 5256511 3822254 2719548 1847606 1214364 758811 431855 246725 0 0 0 0 0 0 0 0 0 0 0 0 0 
17686046 34294126 43817919 48967772 53092718 52878201 51738013 48807406 44922334 40298262 35853264 31241706 26668820 22760040 18869222 15427831 12348531 9778750 7487785 5702522 4044036 2970167 2065722 1399408 906056 555511 304747 156925 0 0 0 0 0 0 0 0 0 0 0 0 0 0 
27171322 39779135 44843938 46359898 47758536 44409450 41499181 37319359 32862526 28220377 24134949 20264166 16663192 13763545 10929739 8625120 6672991 5097024 3716661 2732020 1835844 1318230 877365 568572 343872 183163 84897 0 0 0 0 0 0 0 0 0 0 0 0 0 0 0 
26869541 32273205 33284444 32304605 31808584 27755269 24911817 21430128 18102504 14902146 12288710 9971838 7907707 6322997 4817249 3683828 2758370 2026973 1407588 1006784 637252 451362 290021 177150 92827 39021 0 0 0 0 0 0 0 0 0 0 0 0 0 0 0 0 
17835375 18481303 17690955 16237867 15318089 12596494 10892414 8981269 7289395 5759404 4591071 3607377 2760131 2136778 1565998 1163697 842823 594712 394824 276592 162412 116542 72578 38835 15145 0 0 0 0 0 0 0 0 0 0 0 0 0 0 0 0 0 
7810360 7171577 6414546 5592048 5058914 3934674 3283030 2597912 2028015 1540354 1188894 905753 668792 501561 354590 256516 179337 121595 77608 53431 28315 21989 12677 4872 0 0 0 0 0 0 0 0 0 0 0 0 0 0 0 0 0 0 
2060973 1698949 1425498 1183676 1027163 757823 610582 464110 348756 255126 190788 141108 100532 73160 49963 35261 23717 15521 9548 6493 2949 2838 1226 0 0 0 0 0 0 0 0 0 0 0 0 0 0 0 0 0 0 0 
249770 186000 146776 116313 96800 67899 52842 38614 27951 19733 14295 10281 7061 5005 3294 2281 1465 936 550 378 129 203 0 0 0 0 0 0 0 0 0 0 0 0 0 0 0 0 0 0 0 0 
