0 0 0 0 0 0 0 0 0 0 0 0 0 0 0 0 0 0 0 0 0 0 0 0 0 0 0 0 0 0 0 0 0 0 0 0 0 0 0 0 0 0 1 
0 0 0 0 0 0 0 0 0 0 0 0 0 0 0 0 0 0 0 0 0 0 0 0 0 0 0 0 0 0 0 0 0 0 0 0 0 0 0 0 21 21 0 
0 0 0 0 0 0 0 0 0 0 0 0 0 0 0 0 0 0 0 0 0 0 0 0 0 0 0 0 0 0 0 0 0 0 0 0 0 200 216 207 217 0 0 
0 0 0 0 0 0 0 0 0 0 0 0 0 0 0 0 0 0 0 0 0 0 0 0 0 0 0 0 0 0 0 0 0 964 1454 1365 2565 1465 1381 1446 0 0 0 
0 0 0 0 0 0 0 0 0 0 0 0 0 0 0 0 0 0 0 0 0 0 0 0 0 0 0 0 1694 5726 6715 10041 12505 12466 12533 12831 7688 6657 6904 0 0 0 0 
0 0 0 0 0 0 0 0 0 0 0 0 0 0 0 0 0 0 0 0 0 0 298 5200 16362 27114 39213 47785 61459 66456 67296 67669 67330 56624 47427 31097 24802 25036 0 0 0 0 0 
0 0 0 0 0 0 0 0 0 0 0 0 0 0 0 0 14 1813 12816 43036 86935 128963 170594 216700 255142 275678 298567 318204 305926 279803 265289 240122 186323 142595 98679 74104 71593 0 0 0 0 0 0 
0 0 0 0 0 0 0 0 0 0 14 167 2557 19497 77621 192692 339581 492120 637950 781974 912724 1024555 1101649 1141902 1155037 1148624 1101787 991812 879888 781175 652808 489224 359004 252484 181334 165660 0 0 0 0 0 0 0 
0 0 0 0 0 0 79 1043 10104 58995 218854 542279 983070 1439268 1901905 2371377 2788851 3114969 3391686 3613510 3711182 3689825 3609745 3466197 3232096 2922764 2532639 2167713 1832849 1449474 1061961 762540 533842 368763 315860 0 0 0 0 0 0 0 0 
0 1 33 528 6991 54778 264222 827075 1815969 3070534 4394975 5668455 6865823 7954134 8857749 9498617 9918530 10169162 10194967 9902971 9368934 8793842 8082466 7232480 6256684 5273810 4367065 3539949 2709759 1946689 1373481 947992 630727 502768 0 0 0 0 0 0 0 0 0 
179 4264 54114 360982 1394302 3518066 6508664 9803486 13065306 16046475 18586054 20714713 22410808 23473822 23863569 23764787 23322467 22433972 20912509 19145289 17215400 15375778 13281439 11157702 9120915 7374442 5777225 4308691 3053863 2112517 1428886 915936 674562 0 0 0 0 0 0 0 0 0 0 
47992 570762 2839814 7825368 14747608 22124778 29083970 35161478 40305336 44008700 46651758 48097204 48408918 47351357 45418178 43075428 40040344 36326963 32080209 28266875 24147948 20515219 16733382 13385737 10515938 8083617 5890574 4113266 2795192 1842728 1137267 768460 0 0 0 0 0 0 0 0 0 0 0 
1472846 8388856 21536038 36157849 49860450 61472313 70784621 77391597 81781964 83230245 82913545 80719083 76822842 71349475 65544337 59493499 52415723 45370379 38504578 32762675 26361546 21445187 16670476 12862255 9671852 6975307 4780602 3188960 2046974 1213734 747472 0 0 0 0 0 0 0 0 0 0 0 0 
11452864 37035534 63330962 83528431 100973195 112336192 119599532 122200130 122004137 117117677 111280793 103175937 93677200 83380203 73752492 64074013 53672827 44881977 36777031 30074122 22664612 17879167 13381788 9972437 7097641 4820109 3142642 1964708 1118177 623550 0 0 0 0 0 0 0 0 0 0 0 0 0 
38260429 81947580 111279885 129606121 145764369 150031074 150848671 146150051 138857291 126917609 115702384 102721320 89431960 76643947 65405726 54387407 43535372 35522883 27993732 21922430 15435431 12009074 8708773 6216533 4178216 2683680 1630266 891463 447843 0 0 0 0 0 0 0 0 0 0 0 0 0 0 
72310952 115942046 137529160 147862730 157779784 151696336 145760750 134560295 122429072 106953448 93894346 80156405 67044334 55507608 45730925 36430430 28021877 22442317 16868333 12668349 8315502 6514073 4568777 3103129 1968598 1170185 615103 277888 0 0 0 0 0 0 0 0 0 0 0 0 0 0 0 
88861527 116288689 125782544 126995449 129534411 117062122 108050534 95476477 83385127 69802283 59188053 48702115 39159900 31419689 24982309 19114259 14184479 11186015 7937447 5762274 3510415 2828706 1911025 1229426 720537 366870 149382 0 0 0 0 0 0 0 0 0 0 0 0 0 0 0 0 
75546223 85142474 85494321 81708147 79928385 68169753 60670600 51430483 43169157 34711972 28481433 22620910 17493818 13639961 10459006 7717016 5528958 4310091 2847994 2035777 1133493 965214 628101 375271 187678 69684 0 0 0 0 0 0 0 0 0 0 0 0 0 0 0 0 0 
44919564 44904590 42202777 38353632 36021861 29108664 25021237 20378809 16455406 12734736 10124471 7767428 5780969 4391667 3243596 2320190 1600307 1241880 748649 546033 265439 252782 157750 80956 28127 0 0 0 0 0 0 0 0 0 0 0 0 0 0 0 0 0 0 
18043282 16237283 14347776 12433679 11218991 8615524 7157367 5608683 4358692 3252926 2508203 1858777 1333129 989162 701929 490509 323327 252642 134753 106383 40251 49531 27989 9692 0 0 0 0 0 0 0 0 0 0 0 0 0 0 0 0 0 0 0 
4429383 3614057 3010798 2493148 2161435 1580839 1269725 958355 716974 517091 386806 276832 191744 139223 94529 65283 40539 32489 14632 13628 2968 6896 2722 0 0 0 0 0 0 0 0 0 0 0 0 0 0 0 0 0 0 0 0 
503933 374125 294384 233284 194265 135538 105274 76598 55182 38539 27956 19332 12953 9228 5950 4137 2354 2001 699 874 0 546 0 0 0 0 0 0 0 0 0 0 0 0 0 0 0 0 0 0 0 0 0 
