0 0 0 0 0 0 0 0 0 0 0 0 0 0 0 0 0 0 0 0 0 0 0 0 0 0 0 0 0 0 0 0 0 0 0 0 0 0 0 0 0 0 0 1 
0 0 0 0 0 0 0 0 0 0 0 0 0 0 0 0 0 0 0 0 0 0 0 0 0 0 0 0 0 0 0 0 0 0 0 0 0 0 0 0 0 21 21 0 
0 0 0 0 0 0 0 0 0 0 0 0 0 0 0 0 0 0 0 0 0 0 0 0 0 0 0 0 0 0 0 0 0 0 0 0 0 0 200 217 206 217 0 0 
0 0 0 0 0 0 0 0 0 0 0 0 0 0 0 0 0 0 0 0 0 0 0 0 0 0 0 0 0 0 0 0 0 0 964 1476 1349 2578 1455 1373 1445 0 0 0 
0 0 0 0 0 0 0 0 0 0 0 0 0 0 0 0 0 0 0 0 0 0 0 0 0 0 0 0 0 1694 5867 6728 10123 12540 12418 12488 12823 7575 6609 6895 0 0 0 0 
0 0 0 0 0 0 0 0 0 0 0 0 0 0 0 0 0 0 0 0 0 0 0 298 5379 16979 27669 39924 48168 61849 66228 67433 67134 66975 56001 47122 30446 24572 24991 0 0 0 0 0 
0 0 0 0 0 0 0 0 0 0 0 0 0 0 0 0 0 14 1935 13935 46619 91355 132321 174201 219358 257843 276808 298828 316594 302621 276675 262847 236657 182978 140544 96141 73190 71432 0 0 0 0 0 0 
0 0 0 0 0 0 0 0 0 0 0 14 187 2948 23452 90817 213819 363722 512749 656185 796905 926427 1030586 1104827 1136392 1147677 1137077 1087026 969486 863502 766959 637362 476694 350690 244750 178399 165188 0 0 0 0 0 0 0 
0 0 0 0 0 0 2 87 1401 14554 81228 278219 637479 1089036 1540744 1998570 2453917 2847966 3142144 3401233 3608092 3693417 3649705 3557959 3395257 3162084 2848836 2457688 2100897 1779159 1400317 1025314 737902 514518 361056 314659 0 0 0 0 0 0 0 0 
0 0 0 50 1017 14040 97036 405534 1114857 2206791 3486536 4784053 6021398 7160362 8148435 8960840 9520837 9865263 10039746 10021926 9699579 9163751 8546313 7829161 6965223 6028787 5059454 4183205 3383848 2588196 1859027 1315411 907486 613917 500081 0 0 0 0 0 0 0 0 0 
25 928 15911 144379 720242 2218776 4755855 7881070 11106279 14213207 16964249 19269045 21122519 22516275 23294041 23501648 23213043 22702879 21674332 20162797 18391294 16552136 14655268 12645965 10571865 8645224 6959032 5437337 4054655 2881115 1998947 1356437 885092 669317 0 0 0 0 0 0 0 0 0 0 
17545 267508 1628257 5354324 11448380 18592084 25582149 31899134 37376868 41715765 44694725 46557351 47425836 47141496 45709175 43658744 41058187 38154085 34322322 30347011 26562548 22840733 19175300 15674109 12448168 9775756 7472990 5450698 3822539 2609164 1730644 1089145 759628 0 0 0 0 0 0 0 0 0 0 0 
829663 5632796 16599386 30695998 44442902 56436921 66237238 73707084 78864980 81262455 81451758 80061013 77170445 72597524 67145399 61519578 55281189 48914232 41880233 35690343 30064148 24609361 19643837 15325522 11687127 8786293 6325715 4364148 2929162 1896831 1149261 734738 0 0 0 0 0 0 0 0 0 0 0 0 
8109043 29995383 55820637 77045560 94644897 107183240 115343301 119366417 119894843 116348304 111016450 104048255 95648409 85957191 76602473 67521007 57958106 49092137 40402732 33372045 26942263 20964401 15994490 12010735 8820962 6308816 4303765 2832307 1790390 1043649 607872 0 0 0 0 0 0 0 0 0 0 0 0 0 
30970515 73173701 104079808 123824146 139924555 146301048 147847649 144678658 138024243 127395577 116707253 104719126 92305393 79728703 68793087 58307253 47823721 39079265 31110421 24889677 19169986 14189108 10426256 7591672 5359438 3645643 2361736 1455510 816998 431374 0 0 0 0 0 0 0 0 0 0 0 0 0 0 
63485693 108776125 132308281 143756560 153572315 149858800 144032621 134342530 122482628 108105470 95487068 82209272 69777352 58130097 48672935 39630308 31098420 24735078 19070894 14736814 10791993 7610575 5450312 3863851 2617328 1687448 1017906 550946 263132 0 0 0 0 0 0 0 0 0 0 0 0 0 0 0 
82001544 111883465 122848984 124682392 127199620 116484401 107297808 95783676 83752871 70909801 60524527 50089713 41065508 33057497 26894777 21023667 15815449 12350428 9195097 6845097 4756213 3205366 2272284 1571250 1015749 607686 319073 138121 0 0 0 0 0 0 0 0 0 0 0 0 0 0 0 0 
71872436 83051292 84242776 80694389 78936435 68126841 60412717 51734450 43478369 35383617 29223160 23286430 18479930 14391210 11384831 8544580 6176774 4772012 3411048 2441727 1610682 1039953 744944 502125 303576 157266 62350 0 0 0 0 0 0 0 0 0 0 0 0 0 0 0 0 0 
43537223 44167597 41812207 38016932 35718447 29158333 24951874 20529741 16605484 13009273 10405637 7995841 6150902 4638265 3569363 2573427 1792576 1378690 938741 645579 406932 250251 187533 122084 64521 24067 0 0 0 0 0 0 0 0 0 0 0 0 0 0 0 0 0 0 
17688679 16057502 14263551 12355096 11156142 8640030 7143581 5654118 4405356 3326231 2579032 1913292 1427988 1043891 781397 541725 364812 280518 180205 119158 72958 41445 35024 20956 7793 0 0 0 0 0 0 0 0 0 0 0 0 0 0 0 0 0 0 0 
4373420 3586965 2999664 2481573 2153583 1586122 1267849 966348 725663 528565 397718 285013 206558 146579 106659 71216 46547 35834 21485 13719 8398 4031 4580 2007 0 0 0 0 0 0 0 0 0 0 0 0 0 0 0 0 0 0 0 0 
499841 372226 293697 232464 193822 136009 105142 77235 55921 39332 28753 19906 14020 9675 6833 4406 2806 2159 1194 744 474 151 342 0 0 0 0 0 0 0 0 0 0 0 0 0 0 0 0 0 0 0 0 0 
