0 0 0 0 0 0 0 0 0 0 0 0 0 0 0 0 0 0 0 0 0 0 0 0 0 0 0 0 0 0 0 0 0 0 0 0 0 0 0 0 0 0 0 0 1 
0 0 0 0 0 0 0 0 0 0 0 0 0 0 0 0 0 0 0 0 0 0 0 0 0 0 0 0 0 0 0 0 0 0 0 0 0 0 0 0 0 0 22 22 0 
0 0 0 0 0 0 0 0 0 0 0 0 0 0 0 0 0 0 0 0 0 0 0 0 0 0 0 0 0 0 0 0 0 0 0 0 0 0 0 220 239 227 238 0 0 
0 0 0 0 0 0 0 0 0 0 0 0 0 0 0 0 0 0 0 0 0 0 0 0 0 0 0 0 0 0 0 0 0 0 0 1124 1709 1562 2978 1699 1586 1662 0 0 0 
0 0 0 0 0 0 0 0 0 0 0 0 0 0 0 0 0 0 0 0 0 0 0 0 0 0 0 0 0 0 2184 7205 8188 12362 15262 15311 15230 15636 9312 8013 8337 0 0 0 0 
0 0 0 0 0 0 0 0 0 0 0 0 0 0 0 0 0 0 0 0 0 0 0 0 500 7858 22499 35730 51437 62210 80228 85987 86961 86729 87069 72147 60771 39396 31310 31856 0 0 0 0 0 
0 0 0 0 0 0 0 0 0 0 0 0 0 0 0 0 0 0 56 4069 22972 68610 128358 181565 239816 302916 352811 379022 410719 435829 417233 379156 359337 325231 249842 191962 131222 98238 96268 0 0 0 0 0 0 
0 0 0 0 0 0 0 0 0 0 0 0 35 794 8127 47686 157513 336985 546683 758024 967671 1169330 1356618 1504374 1616856 1661107 1681046 1661469 1587802 1423763 1259549 1113551 928099 691944 508192 353277 253056 236081 0 0 0 0 0 0 0 
0 0 0 0 0 0 0 42 591 6248 43092 188953 546270 1123743 1792646 2463946 3177170 3866520 4458391 4923311 5343542 5645337 5754536 5694290 5567118 5314521 4941907 4433599 3838957 3279554 2755665 2167841 1586156 1137844 787608 543258 478464 0 0 0 0 0 0 0 0 
0 0 2 29 641 7612 61369 306737 1012288 2358952 4200479 6246430 8298199 10265959 12128037 13770793 15092707 15987841 16589703 16899769 16834184 16192654 15347655 14336151 13140764 11671459 10072034 8439960 6990359 5633859 4279029 3073144 2165938 1478718 983567 812018 0 0 0 0 0 0 0 0 0 
26 656 11092 112021 645658 2301255 5646956 10401456 15799798 21297267 26530164 31130534 35130912 38420256 40924137 42226859 42581772 42122545 41173369 39165987 36439047 33084576 29984794 26485589 22816133 19032219 15553124 12490014 9754657 7224798 5104599 3528301 2363585 1516094 1165254 0 0 0 0 0 0 0 0 0 0 
15918 256376 1769155 6591953 15782265 27926784 40964293 53475228 64924044 74744795 82399946 87993140 91706392 93323553 92741958 89717481 85960599 80863338 74765887 67110829 59655446 51806326 44898185 37464758 30563167 24294000 19049157 14493252 10524108 7317697 4955033 3241558 2003948 1424167 0 0 0 0 0 0 0 0 0 0 0 
1001934 7589492 25041186 50591329 78252944 104196229 126945423 145604517 160193754 169337020 174292425 174644197 172255177 165614752 156108212 143999242 132588218 118712982 104398622 89723188 76993781 63747523 52787674 41793597 32646238 24940941 18632090 13293269 9094871 6028488 3838747 2283393 1490561 0 0 0 0 0 0 0 0 0 0 0 0 
12672293 52159640 105842526 154694555 198684183 232782756 258228691 274356902 282841474 281422618 274875777 262212401 246951707 226204002 204293547 181114451 160634346 136905272 115625011 96028783 79503920 62369539 49567361 37543074 28301970 20706744 14605200 9826567 6373316 3942724 2251873 1341417 0 0 0 0 0 0 0 0 0 0 0 0 0 
60009557 156131688 236908501 294196024 345124006 371561999 386800453 387971447 380305362 359059370 336652356 307142801 277742710 243706904 212107493 181305823 154910225 125997704 103175099 82968670 65943138 48831264 37607957 27484286 19983768 13890161 9241245 5862213 3520749 1927436 1041271 0 0 0 0 0 0 0 0 0 0 0 0 0 0 
149451999 279231678 357943722 404052575 447103422 448657435 444816938 425083514 398245405 359314711 324949711 284223567 247796640 209011879 175840986 145124919 119497053 93140803 74443289 57779646 43881316 30655255 23202871 16428841 11436044 7514698 4689723 2734471 1433775 698906 0 0 0 0 0 0 0 0 0 0 0 0 0 0 0 
234279951 346292794 398850094 420152380 443777049 418158372 398127724 363744147 327224808 283088469 247590705 208008369 175359584 142485128 116082683 92569461 73576366 55159996 43186310 32178034 23292202 15392535 11631178 7955412 5258843 3238039 1843998 926545 406392 0 0 0 0 0 0 0 0 0 0 0 0 0 0 0 0 
253083733 315911132 335932952 334054513 338469506 301089705 276308560 242108274 209630293 174276606 147657547 119322131 97507068 76390706 60356471 46538800 35802784 25853670 19881433 14126402 9753377 6127343 4686474 3076188 1910111 1070592 518753 204924 0 0 0 0 0 0 0 0 0 0 0 0 0 0 0 0 0 
195385952 214153416 212775359 200958869 195773828 165020538 146323573 123192362 102816810 82282270 67600794 52617751 41760356 31541367 24219841 18063021 13498558 9372026 7110769 4774204 3165002 1894312 1487071 929277 527026 249452 89556 0 0 0 0 0 0 0 0 0 0 0 0 0 0 0 0 0 0 
107474919 105636123 98656254 88837813 83282984 66731538 57237901 46368954 37342363 28801659 22966004 17240145 13304768 9685106 7249222 5224162 3811739 2529769 1910630 1195027 773194 436888 360797 210713 101112 33736 0 0 0 0 0 0 0 0 0 0 0 0 0 0 0 0 0 0 0 
40381255 35975293 31694319 27280352 24618989 18796445 15603786 12178853 9469444 7046147 5458717 3955456 2970437 2084001 1525713 1059671 760400 477131 364582 207314 135251 69800 64078 32852 10770 0 0 0 0 0 0 0 0 0 0 0 0 0 0 0 0 0 0 0 0 
9338896 7582438 6315979 5206195 4522407 3295826 2648823 1993880 1497299 1075954 810596 567280 414816 280529 201676 134371 95787 55839 44340 21935 15365 6660 7685 2768 0 0 0 0 0 0 0 0 0 0 0 0 0 0 0 0 0 0 0 0 0 
1006056 746616 588913 465504 389078 271015 210905 153223 111162 77220 56618 38277 27281 17776 12618 7996 5751 3026 2609 1029 879 254 498 0 0 0 0 0 0 0 0 0 0 0 0 0 0 0 0 0 0 0 0 0 0 
