0 0 0 0 0 0 0 0 0 0 0 0 0 0 0 0 0 0 0 0 0 0 0 0 0 0 0 0 0 0 0 0 0 0 0 0 0 0 0 0 0 0 0 0 0 1 
0 0 0 0 0 0 0 0 0 0 0 0 0 0 0 0 0 0 0 0 0 0 0 0 0 0 0 0 0 0 0 0 0 0 0 0 0 0 0 0 0 0 0 22 22 0 
0 0 0 0 0 0 0 0 0 0 0 0 0 0 0 0 0 0 0 0 0 0 0 0 0 0 0 0 0 0 0 0 0 0 0 0 0 0 0 0 220 238 228 238 0 0 
0 0 0 0 0 0 0 0 0 0 0 0 0 0 0 0 0 0 0 0 0 0 0 0 0 0 0 0 0 0 0 0 0 0 0 0 1124 1702 1570 2980 1683 1598 1663 0 0 0 
0 0 0 0 0 0 0 0 0 0 0 0 0 0 0 0 0 0 0 0 0 0 0 0 0 0 0 0 0 0 0 2184 7241 8192 12420 15271 15198 15268 15613 9214 8089 8350 0 0 0 0 
0 0 0 0 0 0 0 0 0 0 0 0 0 0 0 0 0 0 0 0 0 0 0 0 0 500 8004 22895 36089 51860 62666 80083 85576 87026 86504 86451 71833 60565 39062 31633 31941 0 0 0 0 0 
0 0 0 0 0 0 0 0 0 0 0 0 0 0 0 0 0 0 0 57 4246 24533 71877 132086 184608 242662 304350 353824 380292 410093 432684 412661 377150 357969 321526 247248 190984 130447 99301 96634 0 0 0 0 0 0 
0 0 0 0 0 0 0 0 0 0 0 0 0 35 851 9386 55003 174554 361209 570871 778016 982219 1183015 1365576 1506706 1613827 1653153 1668299 1648478 1564831 1400866 1244723 1103792 912881 681677 504508 352010 255899 237247 0 0 0 0 0 0 0 
0 0 0 0 0 0 0 1 54 747 8506 57104 237519 642484 1245917 1915086 2576921 3276883 3948130 4505020 4932964 5330851 5620656 5710213 5643681 5487641 5223054 4849957 4347361 3751243 3218325 2708066 2122634 1555944 1127205 786014 549568 481371 0 0 0 0 0 0 0 0 
0 0 0 3 60 1217 14065 101655 452406 1339397 2840173 4738659 6763467 8773047 10680268 12413436 13925304 15136963 15930150 16426512 16655789 16548254 15916693 15042327 14019383 12762211 11334070 9785576 8206809 6787789 5484973 4165009 3003119 2140121 1477009 995258 817868 0 0 0 0 0 0 0 0 0 
1 119 2413 32967 252372 1157342 3442297 7368495 12354595 17687296 22983929 27934296 32193380 35780452 38660147 40680876 41690255 41761848 41175414 40052712 38039316 35300236 32127127 28941777 25492984 21864452 18310095 14977308 12027851 9378379 6982659 4966111 3475926 2360810 1534333 1174934 0 0 0 0 0 0 0 0 0 0 
4648 98612 849881 3856191 10806444 21472835 33934556 46411993 58047432 68481034 77162200 83644381 87962493 90634822 91310726 89918315 86738225 82616485 77658849 71502987 64223569 56892770 49608459 42590374 35547195 28980466 23147488 18132309 13784712 10058720 7081368 4863906 3234848 2027925 1437518 0 0 0 0 0 0 0 0 0 0 0 
495686 4542378 17436223 39745029 66200650 92174316 115489737 135176126 151022943 162396811 168960328 170965026 169559303 165486184 157943504 147858686 136550133 124868057 112053890 98173683 84452161 72142660 60170256 49246942 39181527 30609766 23456978 17489469 12558712 8721663 5893095 3824046 2309983 1506065 0 0 0 0 0 0 0 0 0 0 0 0 
8264081 39269673 88272734 137502030 181500908 217428074 244752574 263320050 274382514 276382273 271852243 261200584 247521438 230784029 210484495 189213161 168523991 148082724 127127340 106770106 88661671 73160217 58131592 45544027 34747501 26150241 19179472 13595864 9318197 6188632 3918588 2276891 1356725 0 0 0 0 0 0 0 0 0 0 0 0 0 
45908347 133283800 215064590 275448126 326085833 357183328 374857225 379515198 374865880 357965797 337011885 309594973 282128909 252580687 221341676 192218295 165465192 139680957 115186222 93282507 75005759 59724435 45061811 33999622 25012697 18153020 12727392 8628583 5640024 3486559 1948038 1054313 0 0 0 0 0 0 0 0 0 0 0 0 0 0 
126122063 254985210 338270625 388036381 430344842 438866815 436668081 420348810 396734936 361495241 328067461 288805238 254288401 219300307 185284843 155995897 129823414 105338046 83821073 65689805 51149057 39288158 28038305 20545394 14642091 10246261 6888118 4449983 2693374 1448784 708778 0 0 0 0 0 0 0 0 0 0 0 0 0 0 0 
210263569 327695816 384871642 409421070 432083541 413437595 393763418 362253121 328146214 286471603 251601322 212397489 181437544 151003591 123274604 100876124 81121487 63347299 48848913 37107111 27941508 20736403 13911991 10018837 6944784 4695953 3015481 1800038 936225 413275 0 0 0 0 0 0 0 0 0 0 0 0 0 0 0 0 
236109164 304828071 328106717 328516873 332041610 299588785 274659530 242152322 211100353 177053961 150819558 122136749 101584317 81657942 64515123 51423742 39913039 30060625 22548842 16602425 12069108 8691813 5420802 3903827 2651307 1729867 1030370 523748 209458 0 0 0 0 0 0 0 0 0 0 0 0 0 0 0 0 0 
186755556 209055387 209411110 198812632 193023944 164860768 145934317 123526710 103818072 83813868 69332707 53885899 43766109 33990350 26022999 20244834 15140526 11032394 8074486 5754264 4033448 2841407 1609741 1197356 805743 495386 251027 92320 0 0 0 0 0 0 0 0 0 0 0 0 0 0 0 0 0 0 
104299060 103909006 97590151 88234184 82409412 66835337 57210411 46563342 37770619 29391447 23629753 17637899 14021046 10521541 7814739 5944579 4275128 3026591 2165135 1490291 1006822 702443 344354 284456 189766 100797 35211 0 0 0 0 0 0 0 0 0 0 0 0 0 0 0 0 0 0 0 
39566842 35574560 31459984 27166469 24424438 18855560 15618711 12239521 9588731 7199838 5628828 4039167 3147431 2282244 1646356 1226552 846254 585389 409094 271604 176797 124327 47443 51546 31958 11412 0 0 0 0 0 0 0 0 0 0 0 0 0 0 0 0 0 0 0 0 
9207997 7526039 6284154 5193578 4495202 3309504 2653723 2004597 1517309 1100367 836917 578081 441881 309684 217241 158729 104765 71375 48493 31127 19467 14140 3173 6828 2973 0 0 0 0 0 0 0 0 0 0 0 0 0 0 0 0 0 0 0 0 0 
996130 743024 586890 464911 387277 272298 211402 154077 112701 79011 58483 38940 29199 19791 13517 9698 6100 4140 2701 1697 1005 785 0 527 0 0 0 0 0 0 0 0 0 0 0 0 0 0 0 0 0 0 0 0 0 0 
