0 0 0 0 0 0 0 0 0 0 0 0 0 0 0 0 0 0 0 0 0 0 0 0 0 0 0 0 0 0 0 0 0 0 0 0 0 0 0 0 0 0 0 0 0 0 1 
0 0 0 0 0 0 0 0 0 0 0 0 0 0 0 0 0 0 0 0 0 0 0 0 0 0 0 0 0 0 0 0 0 0 0 0 0 0 0 0 0 0 0 0 23 23 0 
0 0 0 0 0 0 0 0 0 0 0 0 0 0 0 0 0 0 0 0 0 0 0 0 0 0 0 0 0 0 0 0 0 0 0 0 0 0 0 0 0 242 260 249 261 0 0 
0 0 0 0 0 0 0 0 0 0 0 0 0 0 0 0 0 0 0 0 0 0 0 0 0 0 0 0 0 0 0 0 0 0 0 0 0 1322 1937 1802 3427 1939 1826 1915 0 0 0 
0 0 0 0 0 0 0 0 0 0 0 0 0 0 0 0 0 0 0 0 0 0 0 0 0 0 0 0 0 0 0 0 2876 8778 9855 15003 18465 18428 18430 18869 11147 9722 10107 0 0 0 0 
0 0 0 0 0 0 0 0 0 0 0 0 0 0 0 0 0 0 0 0 0 0 0 0 0 0 906 11512 29982 46121 65809 80251 102463 109364 110211 110617 110677 91244 77093 49698 40111 40709 0 0 0 0 0 
0 0 0 0 0 0 0 0 0 0 0 0 0 0 0 0 0 0 0 0 279 8085 39291 103641 180850 249907 329908 414083 475126 512133 554704 585073 556916 506457 482884 434974 331476 256630 175116 133096 129979 0 0 0 0 0 0 
0 0 0 0 0 0 0 0 0 0 0 0 0 0 114 2527 21842 103433 285831 548121 835939 1130216 1418784 1703817 1956065 2161250 2309547 2367777 2388637 2358526 2236600 2005894 1775664 1575597 1306953 968433 717247 500351 363239 337692 0 0 0 0 0 0 0 
0 0 0 0 0 0 0 0 10 234 3107 26279 140125 485069 1154772 2060962 3028168 4023622 5070716 6066888 6881410 7562591 8164716 8566506 8677239 8582914 8367303 7964736 7370750 6596256 5706073 4894366 4108236 3222707 2351762 1700865 1186512 828201 727289 0 0 0 0 0 0 0 0 
0 0 0 0 34 552 7069 58357 315126 1123895 2829208 5369123 8367600 11521259 14642123 17655652 20434381 22851372 24723874 26014375 26840777 27222734 26875767 25794868 24423939 22795740 20766066 18394039 15835219 13307352 11033749 8889584 6733712 4843291 3442358 2374762 1597140 1316183 0 0 0 0 0 0 0 0 0 
2 69 1668 21248 186110 987933 3428135 8356981 15595258 24060185 32960839 41717799 49815498 56937531 63019893 68009036 71381143 72971974 73094794 72215338 69989892 66299947 61198619 55913263 50455421 44406846 38033302 31792245 26022420 20960634 16328757 12090598 8573709 5986052 4057815 2630837 2021793 0 0 0 0 0 0 0 0 0 0 
3987 83373 797023 4101412 13026204 28709080 49123172 71324884 93252959 113733277 132015365 146948724 158571237 166599656 171477188 172515989 169444988 163706916 156010593 146372785 133947641 120445771 106171420 93274711 79900558 66590695 54250742 43384697 34071464 25896357 18789918 13149978 9005955 5970611 3729948 2656466 0 0 0 0 0 0 0 0 0 0 0 
541742 5437532 23383656 58912070 105905407 155984857 204136750 247127395 284118798 313173375 333926263 345900383 350252571 347645794 338750675 322831737 302121303 279997717 255023127 227958212 198929171 172296992 145645467 122752826 99896827 79595532 62274772 47886001 35697392 25472875 17547239 11788467 7616465 4578873 3003225 0 0 0 0 0 0 0 0 0 0 0 0 
11699012 61481704 151481695 252198321 348988374 434110498 504239441 557135890 594934509 612906116 617262466 605447087 584882684 553621487 515313749 469893650 423074115 377619331 328733075 281800787 236836701 198632566 160187911 129585138 100835732 77480259 58448310 42918654 30207114 20471195 13467950 8468041 4890108 2935002 0 0 0 0 0 0 0 0 0 0 0 0 0 
80578564 256937682 444322737 596806548 732011375 827788755 892656966 926688096 936926995 914992176 880019101 825815108 765897378 694915092 621604803 545732846 474675348 408227682 340122471 281973696 229349057 186027804 142201349 111129332 83369765 62089749 44970781 31339205 20919950 13469208 8231784 4560546 2489011 0 0 0 0 0 0 0 0 0 0 0 0 0 0 
267070288 587753651 823605722 982952092 1124847722 1182419673 1207285935 1192227494 1151569218 1072340094 993116295 895211226 799613384 698336878 602497995 511171655 430132635 356582250 285110451 230319286 181205228 141722605 102188243 78047929 56876213 40997149 28321061 18712131 11802532 7010635 3723614 1837868 0 0 0 0 0 0 0 0 0 0 0 0 0 0 0 
532304086 897066994 1105022219 1219444805 1326570350 1308620333 1278801008 1208699818 1119308610 999240616 894618896 776164841 669219259 564430027 470631777 386719723 315044819 251993344 193967401 153524770 116332115 87599169 59391090 45036682 31994343 22181659 14550864 9047421 5231224 2665519 1185370 0 0 0 0 0 0 0 0 0 0 0 0 0 0 0 0 
718742546 999901535 1125983145 1168580041 1217844347 1134069981 1067184739 967958886 862032752 740226166 641968806 536773771 447552724 365510873 294787384 234987775 185479856 143316578 106503387 82898799 60092187 43657828 27754462 21280421 14715855 9749371 6016907 3411745 1672457 669860 0 0 0 0 0 0 0 0 0 0 0 0 0 0 0 0 0 
697009277 840135552 880276723 866398018 868097989 766456603 696571049 607642445 521348844 431632108 363015827 292801571 236490001 187377263 146185634 113260399 86654363 64789181 46568570 35753107 24569748 17362645 10286712 8136316 5461961 3424711 1927086 917227 332526 0 0 0 0 0 0 0 0 0 0 0 0 0 0 0 0 0 0 
494638518 531251896 522354258 489928689 472809987 397032810 349121403 293327934 242782986 194130267 158409366 123382656 96683645 74399930 56155230 42377063 31413175 22793572 15840088 12045206 7748927 5421480 2939240 2469184 1605801 926043 435756 145130 0 0 0 0 0 0 0 0 0 0 0 0 0 0 0 0 0 0 0 
253608359 246383693 228424162 204811708 190523736 152543707 129906169 105240179 84121393 65033050 51506727 38787263 29520376 22076045 16127543 11879301 8519764 6028617 4034903 3061566 1809456 1294452 612457 580918 361337 175776 55439 0 0 0 0 0 0 0 0 0 0 0 0 0 0 0 0 0 0 0 0 
89587072 79348020 69573807 59765856 53607349 40998838 33830941 26451891 20435312 15285407 11755743 8569255 6338789 4608839 3261031 2349617 1626090 1130295 722476 553867 292121 225319 83148 102998 57151 18224 0 0 0 0 0 0 0 0 0 0 0 0 0 0 0 0 0 0 0 0 0 
19593370 15888286 13202023 10882763 9411597 6884674 5506546 4158538 3106721 2249738 1680976 1187404 854026 604007 414226 292665 194564 134306 80787 63812 28681 25864 5530 12985 4903 0 0 0 0 0 0 0 0 0 0 0 0 0 0 0 0 0 0 0 0 0 0 
2004838 1492023 1176501 931708 776627 543911 421769 307824 222468 156061 113337 77664 54314 37400 24863 17287 10954 7637 4212 3542 1249 1493 0 926 0 0 0 0 0 0 0 0 0 0 0 0 0 0 0 0 0 0 0 0 0 0 0 
