0 0 0 0 0 0 0 0 0 0 0 0 0 0 0 0 0 0 0 0 0 0 0 0 0 0 0 0 0 0 0 0 0 0 0 0 0 0 0 0 0 0 0 0 0 0 0 1 
0 0 0 0 0 0 0 0 0 0 0 0 0 0 0 0 0 0 0 0 0 0 0 0 0 0 0 0 0 0 0 0 0 0 0 0 0 0 0 0 0 0 0 0 0 23 23 0 
0 0 0 0 0 0 0 0 0 0 0 0 0 0 0 0 0 0 0 0 0 0 0 0 0 0 0 0 0 0 0 0 0 0 0 0 0 0 0 0 0 0 242 261 249 260 0 0 
0 0 0 0 0 0 0 0 0 0 0 0 0 0 0 0 0 0 0 0 0 0 0 0 0 0 0 0 0 0 0 0 0 0 0 0 0 0 1322 1957 1804 3434 1927 1824 1900 0 0 0 
0 0 0 0 0 0 0 0 0 0 0 0 0 0 0 0 0 0 0 0 0 0 0 0 0 0 0 0 0 0 0 0 0 2876 8924 9950 15135 18509 18380 18429 18822 11002 9654 9999 0 0 0 0 
0 0 0 0 0 0 0 0 0 0 0 0 0 0 0 0 0 0 0 0 0 0 0 0 0 0 0 906 11765 30914 47117 66770 80960 102984 109397 110746 109958 109843 90446 76540 48734 39497 40191 0 0 0 0 0 
0 0 0 0 0 0 0 0 0 0 0 0 0 0 0 0 0 0 0 0 0 282 8467 42037 109757 187487 255947 335716 418712 480510 514311 555539 582780 553209 502526 478335 427690 325879 252867 170584 129870 128103 0 0 0 0 0 0 
0 0 0 0 0 0 0 0 0 0 0 0 0 0 0 117 2777 24967 118134 316574 587949 873517 1164763 1452093 1734917 1981108 2174857 2315285 2359932 2377384 2338857 2210430 1970719 1745861 1545684 1273449 943726 700025 483420 351331 332220 0 0 0 0 0 0 0 
0 0 0 0 0 0 0 0 0 14 273 3931 34246 179981 589272 1323571 2253984 3225370 4212942 5253519 6215088 6983724 7616258 8197766 8566887 8641317 8507407 8252247 7825671 7232099 6449273 5556262 4752248 3984645 3107507 2269358 1642261 1135170 794111 713982 0 0 0 0 0 0 0 0 
0 0 0 0 1 45 898 11805 94102 466424 1516793 3488610 6190585 9230072 12365976 15444003 18333169 20953489 23189925 24903838 26021801 26687857 26927244 26536603 25370317 23920600 22218617 20156277 17801843 15307846 12806723 10579872 8498446 6422302 4617761 3284392 2247129 1517328 1288587 0 0 0 0 0 0 0 0 0 
0 5 175 4525 52795 382095 1698789 5061290 10943168 18709193 27284735 36031385 44476671 52138230 58677474 64179923 68500462 71270538 72270372 72022017 70743262 68293923 64422687 59460195 54019922 48522418 42545683 36322377 30274062 24725428 19800729 15375097 11374533 8068260 5631657 3793565 2473774 1972170 0 0 0 0 0 0 0 0 0 0 
854 25575 317381 2046946 7844148 20081913 38193930 59420742 81222452 102041671 121137233 137674060 150779578 160311969 166504976 169759249 169280968 165232316 158526274 150535829 140465851 128327851 114862808 101443011 88320263 75461265 62687895 50890773 40525793 31692568 23963377 17398052 12189179 8340129 5504454 3466182 2578229 0 0 0 0 0 0 0 0 0 0 0 
234066 2920386 14878674 43063295 85465520 133942947 182025222 226358938 264997775 296587727 320705985 336207689 343260872 343635469 337986204 326624140 308994828 288054279 265039647 241023695 214276784 187057340 160921440 136723567 113864486 92659585 73448214 57174611 43688067 32443120 23138354 15983236 10726495 6908216 4196155 2894460 0 0 0 0 0 0 0 0 0 0 0 0 
7104705 43685657 120928533 217628101 313978462 400847539 474058043 531672915 573167299 597479378 606981167 600636034 583159392 557505679 524185733 484099307 438921570 394349321 349129262 304458135 259306252 218257918 181241781 147894129 117736793 91658878 69779739 52284967 38161989 26874149 18257128 12014988 7536159 4406226 2801344 0 0 0 0 0 0 0 0 0 0 0 0 0 
59133304 212729166 395591905 552025561 688465282 790810781 862442191 903719817 919011496 907017392 877693709 828898684 772613397 709643750 641005029 568809242 497534950 432280660 368389145 308912072 253633559 206712581 165571994 129449059 98727964 73922318 54310865 39097196 27191397 18220705 11740175 7166736 4025131 2343747 0 0 0 0 0 0 0 0 0 0 0 0 0 0 
219767416 528931123 771775557 938916409 1081897814 1151887168 1184581875 1176857845 1141360122 1074877253 998490639 905025871 813944536 720522714 627260335 536897704 454832601 382461955 313898446 254139197 202054902 159483660 122944885 92007552 67521635 48905673 34720825 23934045 15841676 10017594 5947089 3204628 1698408 0 0 0 0 0 0 0 0 0 0 0 0 0 0 0 
470518088 843918536 1062193048 1185087100 1293003259 1289903571 1265943387 1201135775 1117332523 1008412234 903606356 788393347 686210264 586560044 493290002 408388148 335865285 273315321 216305204 169826804 130972110 99942384 74015103 53054850 37712020 26547147 18176732 11945092 7439288 4304301 2224379 1067450 0 0 0 0 0 0 0 0 0 0 0 0 0 0 0 0 
664676039 963180508 1097707176 1147407925 1197139419 1125638335 1061777632 965927718 864617339 749850385 650197847 547001881 461645328 381588418 310530659 249170475 199235822 156885080 119931928 91668912 68524995 50463052 35863929 24679709 17137128 11749962 7721327 4773452 2706229 1344247 582328 0 0 0 0 0 0 0 0 0 0 0 0 0 0 0 0 0 
663186178 820092549 865526238 856247611 858066528 763754108 695224909 607847933 524587007 438022441 368291242 299090344 245051287 196129963 154632068 120455368 93733358 71439172 52842327 39440043 28512304 20248529 13804295 9151776 6270476 4185638 2605849 1464148 704053 275714 0 0 0 0 0 0 0 0 0 0 0 0 0 0 0 0 0 0 
479107521 522791209 516408132 486233248 469029431 396555995 349113953 293829901 244810051 197091949 160902403 126251533 100503161 77984259 59619479 45150576 34212804 25257028 18100186 13221838 9216371 6316580 4130959 2647826 1814201 1172031 668415 316160 113040 0 0 0 0 0 0 0 0 0 0 0 0 0 0 0 0 0 0 0 
248410818 243747611 226636330 203823723 189460600 152566948 130051814 105499348 84932045 66006853 52365507 39732825 30750551 23157314 17178701 12664910 9347293 6692016 4649886 3329850 2230996 1479252 927758 576448 403429 246536 118927 39807 0 0 0 0 0 0 0 0 0 0 0 0 0 0 0 0 0 0 0 0 
88377036 78781289 69194995 59584407 53396515 41036420 33891751 26526220 20645787 15505228 11959950 8782604 6612036 4836337 3483641 2503698 1799423 1251441 843294 592647 380661 245010 147282 88805 65733 35475 11771 0 0 0 0 0 0 0 0 0 0 0 0 0 0 0 0 0 0 0 0 0 
19418064 15813194 13151451 10862272 9385163 6893804 5518441 4170615 3139430 2280545 1710973 1216964 891745 633818 443663 311274 217711 147396 96291 66444 40870 25575 14791 8597 7154 2747 0 0 0 0 0 0 0 0 0 0 0 0 0 0 0 0 0 0 0 0 0 0 
1992988 1487381 1173282 930625 775046 544729 422739 308698 224796 158091 115393 79560 56771 39221 26704 18316 12454 8228 5206 3528 2081 1259 717 384 411 0 0 0 0 0 0 0 0 0 0 0 0 0 0 0 0 0 0 0 0 0 0 0 
