0 0 0 0 0 0 0 0 0 0 0 0 0 0 0 0 0 0 0 0 0 0 0 0 0 0 0 0 0 0 0 0 0 0 0 0 0 0 0 0 0 0 0 0 0 0 0 0 1 
0 0 0 0 0 0 0 0 0 0 0 0 0 0 0 0 0 0 0 0 0 0 0 0 0 0 0 0 0 0 0 0 0 0 0 0 0 0 0 0 0 0 0 0 0 0 24 24 0 
0 0 0 0 0 0 0 0 0 0 0 0 0 0 0 0 0 0 0 0 0 0 0 0 0 0 0 0 0 0 0 0 0 0 0 0 0 0 0 0 0 0 0 264 284 272 284 0 0 
0 0 0 0 0 0 0 0 0 0 0 0 0 0 0 0 0 0 0 0 0 0 0 0 0 0 0 0 0 0 0 0 0 0 0 0 0 0 0 1524 2216 2055 3926 2207 2088 2176 0 0 0 
0 0 0 0 0 0 0 0 0 0 0 0 0 0 0 0 0 0 0 0 0 0 0 0 0 0 0 0 0 0 0 0 0 0 3638 10642 11797 18147 22082 22129 22081 22593 13261 11623 12023 0 0 0 0 
0 0 0 0 0 0 0 0 0 0 0 0 0 0 0 0 0 0 0 0 0 0 0 0 0 0 0 0 1470 16105 39176 59093 83623 102036 129780 137808 139007 138975 139470 113930 96735 61933 50164 50823 0 0 0 0 0 
0 0 0 0 0 0 0 0 0 0 0 0 0 0 0 0 0 0 0 0 0 0 799 14622 62361 151165 249319 339717 447476 556437 634875 682360 739511 775277 735997 667697 638642 572874 433225 337479 229162 174427 170722 0 0 0 0 0 0 
0 0 0 0 0 0 0 0 0 0 0 0 0 0 0 0 439 7277 50329 198078 481499 851420 1241465 1646185 2045779 2434438 2778157 3053187 3250185 3316735 3346445 3289265 3106133 2780395 2462031 2182431 1804129 1329040 989695 688628 500134 467813 0 0 0 0 0 0 0 
0 0 0 0 0 0 0 0 1 1 101 1274 13514 87173 371584 1058566 2174849 3509220 4902331 6353559 7885293 9267795 10400841 11370062 12232385 12741205 12844464 12681305 12339547 11691635 10787165 9615275 8321936 7134232 5972621 4668440 3399227 2467979 1720180 1201324 1065492 0 0 0 0 0 0 0 0 
0 0 0 0 4 20 444 5749 49536 286398 1130998 3134770 6456567 10674259 15295489 20069038 24789033 29263380 33372190 36852520 39478147 41262516 42411584 42751034 41972824 40169531 37980782 35352933 32073506 28277233 24322227 20423651 16948650 13590992 10268351 7383284 5268049 3634163 2447227 2044969 0 0 0 0 0 0 0 0 0 
0 7 163 2708 33096 262331 1349098 4675162 11615569 22206215 35107965 49015096 63161163 76719351 89075412 99869133 109094287 116225049 120744593 122372476 122197492 120025338 115798930 108850397 100571359 91712940 82497286 72286115 61731107 51472453 42210226 33938534 26364031 19455127 13817388 9684740 6572228 4270033 3341546 0 0 0 0 0 0 0 0 0 0 
809 19569 257100 1833472 7989224 23106285 48717950 81985925 118829176 156053427 191647562 224212610 252321519 274913599 291808085 303081628 308843125 307200021 300156708 288671616 274341414 255260530 233112972 208195587 184814927 161235111 137627789 114355903 93086832 74422139 58458738 44223054 32040181 22451700 15447023 10262388 6431870 4685344 0 0 0 0 0 0 0 0 0 0 0 
231689 3065418 17393073 56091413 122275930 205517550 294228060 380882540 460817400 530153781 587593967 630491269 659029602 671996011 673761928 662331680 639698626 604398726 565746206 521209606 473139853 419375917 367203387 315034984 269485024 224194818 182469240 145162589 113644694 87253395 64837984 46132962 31858425 21494479 13934291 8414814 5671645 0 0 0 0 0 0 0 0 0 0 0 0 
9013996 60826229 185626085 361557871 551849636 734220415 898535382 1037047096 1147341536 1223741746 1271157228 1286315486 1273603309 1237602964 1185995944 1112740938 1028730118 933337511 842851738 744533380 647893810 551592374 467143968 384989346 316880348 251836127 196939813 151049185 113873227 83217848 58417699 39639346 26203647 16541386 9609331 5955585 0 0 0 0 0 0 0 0 0 0 0 0 0 
93400627 368700284 740858291 1091361716 1413992156 1676770813 1881440360 2021283540 2105787587 2122435222 2100612628 2024878303 1921685557 1792409481 1650923083 1486119218 1324179232 1160167785 1012296778 857732128 719654068 592515041 486268877 383308901 304029328 232115018 175559591 130073181 93830346 65030862 43433284 28068801 17234205 9616062 5445950 0 0 0 0 0 0 0 0 0 0 0 0 0 0 
418869892 1098373627 1702329477 2158272898 2566970394 2813442963 2970818195 3023465706 3003402974 2886775774 2742148399 2535732053 2319473930 2083783085 1851661458 1605047749 1384529536 1174218423 990071738 806016864 656192232 523878366 415854770 312254138 240005892 177231145 130093146 92723728 63655033 41898402 26492085 15798099 8457705 4351196 0 0 0 0 0 0 0 0 0 0 0 0 0 0 0 
1065250280 2066110655 2734428225 3162604041 3554582303 3648584064 3675066140 3573364854 3405808683 3134637033 2874430662 2558382579 2262469651 1962044503 1686787649 1411528425 1181867508 971321895 791585047 620810893 493007762 381165481 292100461 208302449 156594813 112524989 80022524 54534232 35523708 22025469 12762572 6550930 3046976 0 0 0 0 0 0 0 0 0 0 0 0 0 0 0 0 
1783790416 2780283336 3317076299 3587382413 3854829439 3731707245 3613458907 3372128144 3092139281 2735337379 2429147132 2084950582 1785949450 1497544653 1248409606 1010096952 822312628 655413117 516520784 391409397 304251635 226951850 167931078 113450324 84446545 59225861 40586484 26298659 16083111 9082114 4473030 1875637 0 0 0 0 0 0 0 0 0 0 0 0 0 0 0 0 0 
2130170838 2825776768 3118531406 3190248830 3294716807 3022795126 2826170392 2537256260 2243186534 1911929419 1647581516 1365399744 1134269473 921097142 745798239 583943678 462897924 357987334 273106562 200453062 152843963 109447216 78463107 50035885 37413024 25602381 16800916 10228703 5672664 2691000 1017911 0 0 0 0 0 0 0 0 0 0 0 0 0 0 0 0 0 0 
1881945107 2202247659 2275707226 2215970634 2205239470 1924628518 1741194474 1506684933 1285949917 1058076074 885806616 709402495 572110733 450601893 354704822 268939987 207896246 156020030 115441279 82138056 61580947 42049772 29451345 17577477 13440396 8967025 5574261 3080139 1421448 488173 0 0 0 0 0 0 0 0 0 0 0 0 0 0 0 0 0 0 0 
1238104953 1304563349 1270344419 1182031176 1135042568 944865150 828238691 691679214 570436369 453802378 369296645 286043106 224168137 171439379 131280030 96459830 72818207 53010487 38153611 26276985 19457998 12541162 8723752 4768707 3841108 2496491 1424748 652976 206950 0 0 0 0 0 0 0 0 0 0 0 0 0 0 0 0 0 0 0 0 
594782666 570644155 525638245 468609248 434459314 345678571 293810560 237029545 189034780 145571035 115183365 86365383 65826772 48926127 36459807 25982048 19184745 13531194 9514292 6316127 4656158 2786385 1982255 943334 853861 533366 255182 77128 0 0 0 0 0 0 0 0 0 0 0 0 0 0 0 0 0 0 0 0 0 
198237518 174231675 152198591 130249733 116614873 88817912 73231138 57113466 44073249 32882626 25303752 18382346 13636942 9856720 7150024 4946409 3578943 2439143 1686674 1070884 795639 430837 328664 121425 143793 80133 24795 0 0 0 0 0 0 0 0 0 0 0 0 0 0 0 0 0 0 0 0 0 0 
41110644 33214902 27563217 22675015 19602400 14307201 11446588 8635064 6450599 4666168 3492851 2460373 1777825 1250091 883020 593615 421754 276475 189978 113778 86837 40849 35877 7646 17319 6506 0 0 0 0 0 0 0 0 0 0 0 0 0 0 0 0 0 0 0 0 0 0 0 
4004124 2980116 2352160 1861972 1553683 1087580 844476 616452 445950 312954 227933 155788 109725 75061 51674 33768 23630 14788 10262 5656 4579 1740 1963 0 1182 0 0 0 0 0 0 0 0 0 0 0 0 0 0 0 0 0 0 0 0 0 0 0 0 
