0 0 0 0 0 0 0 0 0 0 0 0 0 0 0 0 0 0 0 0 0 0 0 0 0 0 0 0 0 0 0 0 0 0 0 0 0 0 0 0 0 0 0 0 0 0 0 0 0 1 
0 0 0 0 0 0 0 0 0 0 0 0 0 0 0 0 0 0 0 0 0 0 0 0 0 0 0 0 0 0 0 0 0 0 0 0 0 0 0 0 0 0 0 0 0 0 0 24 24 0 
0 0 0 0 0 0 0 0 0 0 0 0 0 0 0 0 0 0 0 0 0 0 0 0 0 0 0 0 0 0 0 0 0 0 0 0 0 0 0 0 0 0 0 0 264 284 272 284 0 0 
0 0 0 0 0 0 0 0 0 0 0 0 0 0 0 0 0 0 0 0 0 0 0 0 0 0 0 0 0 0 0 0 0 0 0 0 0 0 0 0 1524 2221 2055 3933 2197 2086 2176 0 0 0 
0 0 0 0 0 0 0 0 0 0 0 0 0 0 0 0 0 0 0 0 0 0 0 0 0 0 0 0 0 0 0 0 0 0 0 3638 10748 11776 18277 22131 21992 22107 22585 13137 11603 12022 0 0 0 0 
0 0 0 0 0 0 0 0 0 0 0 0 0 0 0 0 0 0 0 0 0 0 0 0 0 0 0 0 0 1470 16439 39802 59762 84412 102693 129792 137482 139414 138440 138576 113459 96407 61145 50020 50815 0 0 0 0 0 
0 0 0 0 0 0 0 0 0 0 0 0 0 0 0 0 0 0 0 0 0 0 0 807 15418 65521 157234 255076 344807 453155 559236 637479 684504 739824 770782 730841 663700 635507 566292 428976 335042 225608 173654 170681 0 0 0 0 0 0 
0 0 0 0 0 0 0 0 0 0 0 0 0 0 0 0 0 457 8079 57013 219389 518922 892092 1280386 1679800 2074731 2463379 2797454 3061945 3245329 3301956 3328660 3267693 3071029 2740432 2433073 2158920 1773737 1308464 977616 676223 496901 467632 0 0 0 0 0 0 0 
0 0 0 0 0 0 0 0 0 1 1 119 1526 17142 110302 453192 1221295 2390204 3738202 5120813 6565398 8069243 9413079 10477565 11401651 12236849 12705023 12773290 12564779 12176051 11522175 10622270 9444541 8146758 6996252 5860301 4562688 3326535 2423562 1684424 1190581 1064764 0 0 0 0 0 0 0 0 
0 0 0 0 0 4 26 706 9061 77160 418245 1518371 3867554 7447100 11754563 16375926 21107130 25713925 29989152 33840202 37120494 39546217 41109933 42060618 42288524 41444269 39527949 37295050 34571928 31282499 27571839 23694683 19851152 16455836 13211359 9967290 7176941 5139698 3546157 2418024 2042463 0 0 0 0 0 0 0 0 0 
0 0 12 409 6802 73344 504083 2223631 6725482 14974631 26396808 39535930 53316880 67114861 80121220 91701220 101635259 109951433 116189777 119830538 120955831 120226941 117647427 113178449 106279359 97928411 89045278 79850402 69768870 59544173 49647528 40637402 32608013 25340472 18733615 13329035 9380048 6384673 4203473 3334424 0 0 0 0 0 0 0 0 0 0 
158 4849 82906 752954 4031690 13878941 33671418 62732545 97309509 133776261 169525416 203071056 233292542 258642431 278077803 291913528 300668885 303962726 300760689 292288004 280341792 265367851 246253388 224482214 200570220 177289750 154208901 131308023 109060977 88741622 70824583 55489080 41992524 30531818 21473948 14837248 9913326 6302668 4668668 0 0 0 0 0 0 0 0 0 0 0 
88007 1450898 9811584 36743869 90323777 165607389 250735407 336409816 417586132 490211425 551512691 600465912 635457169 655060050 661452342 657029975 642058023 615935759 580484718 540713843 497494846 449809504 398076220 348131629 299258298 254330337 211229851 171748684 136659924 106712220 81688538 60713886 43417704 30155094 20455183 13364199 8198874 5639199 0 0 0 0 0 0 0 0 0 0 0 0 
5054357 39859833 137575292 294367048 476920942 658369560 824336281 968311927 1086842129 1173684227 1230813833 1258909887 1257761479 1231223220 1187433906 1128700140 1055019851 969940581 879806862 790190289 698395634 605079220 514730094 435577977 360525101 294140763 233859166 182653692 139857595 104976549 76694358 54155081 37050505 24669892 15725683 9296105 5902589 0 0 0 0 0 0 0 0 0 0 0 0 0 
64903387 289194212 631382236 979652313 1302265797 1573604884 1787524009 1943680278 2043030409 2079496620 2070135056 2017047441 1924636494 1808223729 1677525251 1533934397 1378703486 1223157877 1073051190 930212229 790651377 659755858 542906150 445728196 354178752 277575240 212170782 159862721 118018636 84932276 59212867 39967295 26092728 16211107 9220416 5372608 0 0 0 0 0 0 0 0 0 0 0 0 0 0 
331499238 953908387 1554710540 2026722036 2436553537 2706564802 2879336292 2958745465 2954293274 2866090844 2733254228 2555529088 2343515035 2125161288 1903035554 1679754252 1457252680 1253177747 1064940483 891114067 730162628 589941070 470799612 374987012 285103309 215232516 158905331 115847677 82370626 56758896 37818579 24246010 14672442 8021889 4264638 0 0 0 0 0 0 0 0 0 0 0 0 0 0 0 
915209557 1898999916 2586452667 3040627655 3432055858 3563877286 3605105661 3534723025 3377000658 3141780867 2885011219 2599522119 2299143634 2019056846 1748686980 1493994950 1254173120 1048444007 863118061 697517771 552754740 434159023 335861681 259502927 188121138 137473929 98514497 69548434 47537452 31323284 19766062 11670769 6132158 2959505 0 0 0 0 0 0 0 0 0 0 0 0 0 0 0 0 
1615297766 2636923802 3198944065 3496991201 3762335974 3680462265 3571155907 3357744794 3082077522 2759826172 2448004547 2131493899 1821923614 1552735508 1302617332 1079535300 878301641 715189064 570127798 445496590 342578259 262201514 196203772 147206598 101335363 72210555 50443645 34454063 22579129 14080493 8144440 4121101 1799795 0 0 0 0 0 0 0 0 0 0 0 0 0 0 0 0 0 
1995253144 2728806203 3042932691 3137192552 3238889927 2999476740 2806187264 2537311468 2243472625 1938056599 1664045306 1402673511 1160110446 961021731 781946108 629657959 496969511 394832140 304604322 230525455 172537738 128816952 92962524 67928458 44142733 30984277 21179388 13971479 8691470 4960620 2431122 961361 0 0 0 0 0 0 0 0 0 0 0 0 0 0 0 0 0 0 
1801449373 2150394716 2237407862 2191815791 2178518994 1916992521 1734451090 1510729436 1289014888 1075990405 895569072 731751981 586061205 472500863 373333973 292454947 224073466 173950970 129781384 95333687 69614960 50711455 35167070 25179825 15277025 10723498 7210074 4563448 2609010 1252407 451756 0 0 0 0 0 0 0 0 0 0 0 0 0 0 0 0 0 0 0 
1201883025 1283225990 1255340449 1173783172 1125048878 943397065 826875672 694633151 572669462 462459150 373497366 296098742 229779132 180506557 138645513 105749174 78695446 59780763 43092443 30812589 21981899 15625386 10366354 7351201 4069712 2940750 1958168 1157827 556952 186588 0 0 0 0 0 0 0 0 0 0 0 0 0 0 0 0 0 0 0 0 
582704043 564173734 521259529 466599141 431642840 345679426 293785583 238254890 189962264 148544734 116492347 89672870 67461797 51692318 38630512 28707727 20760489 15453954 10748858 7510544 5233104 3633278 2291994 1637498 788441 626481 411600 208403 67249 0 0 0 0 0 0 0 0 0 0 0 0 0 0 0 0 0 0 0 0 0 
195407132 172878079 151301616 129930059 116049829 88906602 73304848 57433733 44315776 33581200 25584934 19135946 13963180 10446705 7600343 5506226 3871756 2828112 1894546 1300552 882462 600471 356600 263610 99413 101705 61786 20683 0 0 0 0 0 0 0 0 0 0 0 0 0 0 0 0 0 0 0 0 0 0 
40694419 33041446 27447955 22647053 19530247 14330361 11466526 8684612 6488125 4767359 3530146 2566982 1817598 1329060 941630 665480 455290 326750 210293 142889 93743 63077 34578 27621 6163 12072 5117 0 0 0 0 0 0 0 0 0 0 0 0 0 0 0 0 0 0 0 0 0 0 0 
3975247 2969953 2345135 1861135 1549273 1089721 846338 619940 448598 319790 230236 162856 111947 80080 55251 38126 25394 17928 11047 7508 4695 3189 1543 1442 0 844 0 0 0 0 0 0 0 0 0 0 0 0 0 0 0 0 0 0 0 0 0 0 0 0 
