0 0 0 0 0 0 0 0 0 0 0 0 0 0 0 0 0 0 0 0 0 0 0 0 0 0 0 0 0 0 0 0 0 0 0 0 0 0 0 0 0 0 0 0 0 0 0 0 0 0 1 
0 0 0 0 0 0 0 0 0 0 0 0 0 0 0 0 0 0 0 0 0 0 0 0 0 0 0 0 0 0 0 0 0 0 0 0 0 0 0 0 0 0 0 0 0 0 0 0 25 25 0 
0 0 0 0 0 0 0 0 0 0 0 0 0 0 0 0 0 0 0 0 0 0 0 0 0 0 0 0 0 0 0 0 0 0 0 0 0 0 0 0 0 0 0 0 0 288 308 296 308 0 0 
0 0 0 0 0 0 0 0 0 0 0 0 0 0 0 0 0 0 0 0 0 0 0 0 0 0 0 0 0 0 0 0 0 0 0 0 0 0 0 0 0 1764 2503 2345 4459 2503 2366 2460 0 0 0 
0 0 0 0 0 0 0 0 0 0 0 0 0 0 0 0 0 0 0 0 0 0 0 0 0 0 0 0 0 0 0 0 0 0 0 0 4618 12821 13991 21743 26339 26256 26254 26808 15648 13728 14194 0 0 0 0 
0 0 0 0 0 0 0 0 0 0 0 0 0 0 0 0 0 0 0 0 0 0 0 0 0 0 0 0 0 0 2308 22461 50516 74763 105311 128785 162523 172084 173376 173270 173139 140877 120019 76159 61779 62790 0 0 0 0 0 
0 0 0 0 0 0 0 0 0 0 0 0 0 0 0 0 0 0 0 0 0 0 0 10 1791 25729 96075 214591 338554 455026 599677 740129 834636 899399 974137 1014568 960083 869347 832290 742339 558493 437836 294253 224230 221207 0 0 0 0 0 0 
0 0 0 0 0 0 0 0 0 0 0 0 0 0 0 0 0 8 1353 18188 106871 355060 774090 1274312 1801348 2357471 2896779 3427659 3879507 4252759 4499009 4578194 4611514 4521077 4247451 3795316 3351186 2969689 2442074 1792303 1341889 925107 672274 637112 0 0 0 0 0 0 0 
0 0 0 0 0 0 0 0 0 0 1 7 446 5323 46725 245815 861483 2079614 3785098 5691892 7672065 9787836 11950639 13858469 15403355 16792268 17979705 18595350 18669931 18402851 17830401 16856247 15494815 13765816 11885009 10175104 8486825 6612459 4805727 3500119 2420978 1692158 1528669 0 0 0 0 0 0 0 0 
0 0 0 0 0 0 28 229 3862 36622 237163 1045253 3224852 7284790 12934229 19454180 26421868 33566623 40521614 47082483 53025130 57954018 61582972 64006854 65486722 65712264 64149751 61199612 57770352 53594860 48393961 42578907 36473228 30597435 25318298 20234554 15238235 10959599 7828505 5365788 3620193 3098166 0 0 0 0 0 0 0 0 0 
0 3 7 220 3891 42624 327219 1687832 5977929 15281006 30162832 49121812 70219169 92208412 114112891 134683517 153196899 169338250 182904642 192943007 198419559 200097825 198860848 194468025 186364405 174761682 160928104 146576491 131295606 114583074 97494531 81158669 66341757 53246242 41192005 30341000 21551770 15111723 10197645 6647909 5359208 0 0 0 0 0 0 0 0 0 0 
157 3533 59454 585950 3536419 13903579 38024203 78179230 130711174 190059639 251534660 311486014 367663779 418018443 460572311 493438710 517710527 532877230 537435941 530857163 515505027 494404445 467187560 432669461 392654201 351674038 310778989 270433847 229576485 190234876 154412069 123261032 96403602 72754645 52611902 36879021 25352641 16767327 10560794 7975122 0 0 0 0 0 0 0 0 0 0 0 
78642 1362910 10237801 42911955 116978593 233128860 375860110 528913513 681497884 824807201 952396693 1060176566 1146269792 1207578614 1242654483 1254683986 1246659409 1215880042 1163490554 1096883626 1021045017 937714604 845671327 747959665 651126374 562610096 476773195 395697745 320419405 254476149 198663539 152012560 112478639 80009746 55228820 37196517 24019537 14602569 10272062 0 0 0 0 0 0 0 0 0 0 0 0 
5828737 50541415 192917052 450060118 777597418 1125356003 1462945716 1772009698 2041516234 2256460155 2416725849 2519727360 2570947130 2563099058 2513168454 2423945912 2302615498 2147283869 1971011081 1790762919 1603628151 1413358581 1223153185 1042671137 875441270 729652072 591684879 470226125 365888466 280202184 210231447 152986272 107206162 72752980 47941719 30147934 17659872 11505488 0 0 0 0 0 0 0 0 0 0 0 0 0 
94121256 460936906 1092424745 1797669052 2490182317 3111932316 3639206008 4056770556 4361661885 4531441306 4602157221 4567580752 4448453658 4246515434 4001913743 3707969231 3386391602 3039152667 2693171131 2366510364 2039710143 1731058428 1447138715 1194433234 965863260 775463877 602738819 461492887 346966965 256168596 183566069 126876507 84623222 54483578 33294635 18752544 11247971 0 0 0 0 0 0 0 0 0 0 0 0 0 0 
581023221 1824177402 3168467046 4309399967 5349267922 6119743102 6680827498 7021273808 7168143286 7086526774 6900916418 6562289017 6147385444 5650962222 5139712931 4590844317 4046601605 3510786638 3012933193 2563437125 2127852690 1747512524 1417672639 1132321238 878934705 680654173 509405972 378020026 274879000 194602774 132705399 87079166 54751705 32453775 17537073 9625885 0 0 0 0 0 0 0 0 0 0 0 0 0 0 0 
1895374151 4256674443 6101535616 7430081487 8632361094 9222093749 9560319047 9580732083 9365736165 8868596803 8326072980 7621363264 6894610767 6122379665 5387679542 4651250416 3967753158 3337733268 2777838041 2289742292 1833171644 1464224994 1153893638 889230531 660965113 495940935 359658909 259441612 181667526 122635898 79240340 48723722 27982142 14475741 7228824 0 0 0 0 0 0 0 0 0 0 0 0 0 0 0 0 
3920301213 6883415139 8731149090 9860570181 10911246210 10982123378 10917827769 10493691628 9867394619 8980432233 8161750479 7208820073 6312743557 5426453523 4627983598 3869934996 3200386948 2615843442 2112496982 1688336944 1306380256 1018689583 778447765 577109035 410371936 300725282 212562391 148702365 99598412 63649515 38359344 21364302 10562125 4774087 0 0 0 0 0 0 0 0 0 0 0 0 0 0 0 0 0 
5691914312 8341045347 9701120568 10324855553 10965554345 10456066029 10025675894 9272161662 8406489032 7375072658 6503500753 5551208578 4712992825 3927669262 3250846749 2637426793 2116629471 1683872280 1319813194 1024028258 767268276 585328361 432438716 307811812 209516597 151605866 104685566 70560331 44806272 26631793 14428685 6816707 2778255 0 0 0 0 0 0 0 0 0 0 0 0 0 0 0 0 0 0 
6118530770 7814680967 8477575890 8573589248 8772055189 7956936217 7382343165 6581624445 5764048686 4884447216 4184910850 3456037753 2847705500 2303783855 1852522182 1460004776 1137867630 882442632 671287697 506595675 367875280 274885854 195710859 133656883 87270011 63126133 42494506 27334610 16158882 8586173 3887986 1427280 0 0 0 0 0 0 0 0 0 0 0 0 0 0 0 0 0 0 0 
4975648102 5686348503 5803543055 5604552452 5535024928 4790964170 4308284313 3708169127 3140711174 2574732786 2145149706 1715358734 1372986820 1079511079 844003196 646809758 489804912 370853246 273760684 201436324 141649223 103860235 70985938 46567210 29239394 21414098 13981819 8435146 4456051 1952595 648102 0 0 0 0 0 0 0 0 0 0 0 0 0 0 0 0 0 0 0 0 
3054348352 3170376829 3059093382 2830046385 2700688326 2235691537 1950634179 1622634736 1330211650 1056324297 856183460 663405201 516238538 394860580 300330611 223998362 164889424 122088857 87403328 62902687 42704536 30849088 20119688 12739654 7687919 5795694 3634028 1976757 854764 259951 0 0 0 0 0 0 0 0 0 0 0 0 0 0 0 0 0 0 0 0 0 
1381019622 1312774207 1201302996 1067066147 984450166 780705653 661310317 532101839 422475241 325297237 256566742 192766039 145943656 108685930 80452140 58440301 41838373 30350441 21041777 14874702 9693552 6953603 4282146 2647189 1521345 1215312 712180 318834 91513 0 0 0 0 0 0 0 0 0 0 0 0 0 0 0 0 0 0 0 0 0 0 
435786931 381145407 331491570 283179429 252612807 192141924 158075381 123103523 94708265 70763329 54319359 39599876 29189087 21179996 15261032 10804770 7527090 5360317 3590068 2507478 1554088 1122206 640185 395628 210779 188693 95482 27700 0 0 0 0 0 0 0 0 0 0 0 0 0 0 0 0 0 0 0 0 0 0 0 
85938491 69350172 57413721 47225630 40730087 29738941 23768531 17923574 13366170 9697177 7245670 5128725 3682739 2605337 1827447 1262208 855982 599790 386576 268910 156345 116085 59279 38412 17741 19884 6776 0 0 0 0 0 0 0 0 0 0 0 0 0 0 0 0 0 0 0 0 0 0 0 0 
7987149 5957507 4699993 3725670 3105611 2178091 1691422 1235473 893305 629635 457995 314970 220435 152128 103868 70076 46256 31992 19719 13821 7384 5819 2499 1868 625 1121 0 0 0 0 0 0 0 0 0 0 0 0 0 0 0 0 0 0 0 0 0 0 0 0 0 
