0 0 0 0 0 0 0 0 0 0 0 0 0 0 0 0 0 0 0 0 0 0 0 0 0 0 0 0 0 0 0 0 0 0 0 0 0 0 0 0 0 0 0 0 0 0 0 0 0 0 0 1 
0 0 0 0 0 0 0 0 0 0 0 0 0 0 0 0 0 0 0 0 0 0 0 0 0 0 0 0 0 0 0 0 0 0 0 0 0 0 0 0 0 0 0 0 0 0 0 0 0 25 25 0 
0 0 0 0 0 0 0 0 0 0 0 0 0 0 0 0 0 0 0 0 0 0 0 0 0 0 0 0 0 0 0 0 0 0 0 0 0 0 0 0 0 0 0 0 0 0 288 308 296 308 0 0 
0 0 0 0 0 0 0 0 0 0 0 0 0 0 0 0 0 0 0 0 0 0 0 0 0 0 0 0 0 0 0 0 0 0 0 0 0 0 0 0 0 0 1764 2515 2333 4475 2483 2370 2460 0 0 0 
0 0 0 0 0 0 0 0 0 0 0 0 0 0 0 0 0 0 0 0 0 0 0 0 0 0 0 0 0 0 0 0 0 0 0 0 0 4618 12992 13933 21881 26350 26166 26208 26809 15483 13762 14198 0 0 0 0 
0 0 0 0 0 0 0 0 0 0 0 0 0 0 0 0 0 0 0 0 0 0 0 0 0 0 0 0 0 0 0 2308 22915 51414 75550 106245 129379 162916 171078 173640 172512 172562 139923 119582 75348 61952 62836 0 0 0 0 0 
0 0 0 0 0 0 0 0 0 0 0 0 0 0 0 0 0 0 0 0 0 0 0 0 10 1827 26903 100708 222315 345516 461583 607616 743059 837875 900713 971800 1010354 950386 864463 828731 735822 552577 434474 291289 224892 221487 0 0 0 0 0 0 
0 0 0 0 0 0 0 0 0 0 0 0 0 0 0 0 0 0 8 1439 19935 118082 387851 824029 1329233 1851443 2397875 2938674 3461764 3903356 4259291 4491026 4548654 4585704 4481335 4198910 3740158 3316862 2943883 2407853 1766670 1326984 915994 674311 638276 0 0 0 0 0 0 0 
0 0 0 0 0 0 0 0 0 0 0 2 5 504 6240 56633 298002 1006934 2327619 4087552 5998692 7969193 10069120 12197516 14029835 15499908 16827460 17973102 18511793 18548109 18210418 17584434 16602070 15246918 13518258 11662272 10008099 8358527 6488297 4718444 3451043 2396832 1697063 1532306 0 0 0 0 0 0 0 0 
0 0 0 0 0 0 0 28 323 5359 52836 335477 1393333 4014446 8513811 14398333 20981929 27949372 35013881 41768969 48002935 53608594 58247239 61592685 63703012 64949547 64949268 63228608 60181395 56703235 52380395 47214684 41543227 35590578 29842693 24722093 19776320 14879491 10715741 7697070 5310071 3629146 3107076 0 0 0 0 0 0 0 0 0 
0 0 2 14 433 7758 83371 583034 2673825 8456517 19637054 35974902 55567879 76725270 98428280 119724452 139334869 156620529 171499719 183755670 192277375 196744353 197605618 195599540 190600067 182237829 170370446 156572177 142362937 127160122 110693366 94260274 78557116 64243309 51552874 39927465 29459105 20980239 14812372 10083939 6659443 5376696 0 0 0 0 0 0 0 0 0 0 
21 668 13978 184376 1424854 6929680 22625191 53530558 99109187 154294596 213815095 273586800 330927554 383879168 430374323 468019789 496168432 516012468 527197574 528451724 518962876 502376679 480121544 452053190 417652964 378763014 338069994 298377275 259099643 219642447 182037060 148044384 118266400 92509605 69881460 50731923 35726627 24762782 16558420 10567957 8002920 0 0 0 0 0 0 0 0 0 0 0 
25028 542006 4958851 24752819 78005076 174018540 303753550 450341252 600422198 745264264 877661569 992608722 1087665979 1160275450 1206994284 1229065367 1231020691 1214564227 1177344289 1121860398 1052759281 978118991 895090012 805015770 711101177 619539649 532819668 451566283 374284410 303357411 241232113 188556230 144385162 107014763 76501917 53189104 36180766 23671914 14591739 10307880 0 0 0 0 0 0 0 0 0 0 0 0 
2935242 30022714 131760972 344151478 643379600 978814464 1313570119 1626409215 1904718613 2136054555 2314684843 2438212230 2509725018 2527428783 2494369408 2423957905 2323934047 2194691107 2036280124 1865100455 1686461827 1509707892 1325580729 1145467099 975711512 821340196 680592236 553339935 439550703 342702316 262597399 197331299 144026730 101526382 69540721 46396892 29626402 17614078 11542360 0 0 0 0 0 0 0 0 0 0 0 0 0 
61125263 340917232 891797215 1567594983 2249864029 2877032915 3419466050 3860050277 4192755084 4402052005 4505309705 4504963413 4419971699 4254223034 4028138994 3766541400 3475455492 3158057551 2822978440 2501113055 2184538722 1887199710 1594584555 1332546228 1099311616 894002857 712886198 556942238 426024838 320833974 237141449 170711581 118852785 80142994 52383975 32593191 18659960 11276893 0 0 0 0 0 0 0 0 0 0 0 0 0 0 
439816311 1530619362 2833573789 3989573954 5027935508 5835480419 6434427576 6819930224 7012182818 6993163945 6843439987 6553713516 6176168978 5721181020 5227387050 4721193751 4206233716 3692138869 3193922064 2745150141 2316948500 1935661915 1579828949 1282512845 1025052154 803833791 616929089 464671445 343866751 250699577 178329100 122751085 81562150 52199410 31607406 17399913 9640602 0 0 0 0 0 0 0 0 0 0 0 0 0 0 0 
1581161689 3839085974 5713708124 7086815375 8288548365 8957308188 9344651753 9422469420 9261051132 8837219229 8326149387 7672363928 6977511926 6245932512 5523789074 4828937350 4164814111 3541513107 2973328888 2481887560 2024555198 1640476447 1297645858 1025205185 792671235 598240289 442790325 323060834 232240000 163758219 111700173 73255326 45956569 27066142 14311445 7229263 0 0 0 0 0 0 0 0 0 0 0 0 0 0 0 0 
3483009803 6465821920 8378883977 9564494595 10614940494 10791407868 10768059970 10399732549 9822642153 9006537295 8204206761 7293660136 6421532766 5567640883 4774336448 4046311301 3385702736 2794305560 2281306480 1849961390 1459206028 1150675668 884002963 679624401 507356923 367939209 263804835 187546715 131194378 89108939 57904660 35701794 20475453 10395752 4765597 0 0 0 0 0 0 0 0 0 0 0 0 0 0 0 0 0 
5269063666 8017820522 9442761015 10119124713 10760715534 10349493811 9943010106 9232803500 8405579315 7426360994 6557707811 5633960984 4812818476 4046930438 3368980200 2771935374 2254088357 1807853121 1437406269 1132424901 864390827 665678008 496998769 371426392 267243999 186061325 130200463 90701102 61617293 39990728 24375634 13659810 6669787 2767556 0 0 0 0 0 0 0 0 0 0 0 0 0 0 0 0 0 0 
5817459626 7614815579 8325109296 8459268406 8659403468 7910810013 7346604387 6573997400 5779635775 4930065932 4227301946 3513905166 2917071552 2380644909 1925952074 1540367535 1218939183 950839821 737190305 564216445 417134979 314839354 228274644 165593494 114701283 76655170 52914561 36253247 23759990 14491007 7996978 3772626 1418649 0 0 0 0 0 0 0 0 0 0 0 0 0 0 0 0 0 0 0 
4813515082 5588328682 5732238935 5554446182 5486429119 4775635935 4297060661 3711157727 3154573909 2601960022 2168835185 1745856450 1409958562 1117418059 879342216 684420247 527568888 400507140 303130647 225384870 161533339 119923593 84275804 59240933 39519150 25342733 17502261 11805258 7353476 4063764 1871521 642530 0 0 0 0 0 0 0 0 0 0 0 0 0 0 0 0 0 0 0 0 
2988187711 3133246032 3033316284 2813093919 2684594468 2231992222 1948410294 1625929425 1337361557 1067937514 865977516 675549381 531157743 409005009 313355131 237580105 178521055 131965483 97603947 70499481 49026849 35931346 24397066 16586929 10694385 6555176 4624821 3060073 1750412 804795 256671 0 0 0 0 0 0 0 0 0 0 0 0 0 0 0 0 0 0 0 0 0 
1361033715 1302332297 1194366617 1062777814 980520817 780123607 661183533 533579542 424926621 328838497 259531722 196325205 150366769 112565721 84024481 62107747 45519020 32783159 23714174 16639488 11241638 8160090 5330120 3498039 2199685 1269622 951076 606477 292252 89655 0 0 0 0 0 0 0 0 0 0 0 0 0 0 0 0 0 0 0 0 0 0 
431560953 379094281 330182099 282413263 251947998 192100291 158139728 123497548 95263594 71504358 54944402 40326459 30099925 21919680 15951697 11503135 8226305 5776572 4088912 2787065 1832601 1320659 825345 522016 325803 169891 146868 84236 26716 0 0 0 0 0 0 0 0 0 0 0 0 0 0 0 0 0 0 0 0 0 0 0 
85380810 69098556 57258532 47138737 40660603 29741441 23786535 17984646 13442124 9793168 7327881 5221213 3799302 2693073 1911818 1345803 939319 643790 445946 295300 189496 135645 80622 49100 31299 13312 15965 6364 0 0 0 0 0 0 0 0 0 0 0 0 0 0 0 0 0 0 0 0 0 0 0 0 
7952670 5942970 4691252 3720923 3102238 2178616 1692996 1239759 898079 635468 463080 320502 227432 157007 108787 74794 50952 34136 23124 14882 9355 6635 3733 2186 1486 389 981 0 0 0 0 0 0 0 0 0 0 0 0 0 0 0 0 0 0 0 0 0 0 0 0 0 
