0 0 0 0 0 0 0 0 0 0 0 0 0 0 0 0 0 0 0 0 0 0 0 0 0 0 0 0 0 0 0 0 0 0 0 0 0 0 0 0 0 0 0 0 0 0 0 0 0 0 0 0 1 
0 0 0 0 0 0 0 0 0 0 0 0 0 0 0 0 0 0 0 0 0 0 0 0 0 0 0 0 0 0 0 0 0 0 0 0 0 0 0 0 0 0 0 0 0 0 0 0 0 0 26 26 0 
0 0 0 0 0 0 0 0 0 0 0 0 0 0 0 0 0 0 0 0 0 0 0 0 0 0 0 0 0 0 0 0 0 0 0 0 0 0 0 0 0 0 0 0 0 0 0 312 334 320 334 0 0 
0 0 0 0 0 0 0 0 0 0 0 0 0 0 0 0 0 0 0 0 0 0 0 0 0 0 0 0 0 0 0 0 0 0 0 0 0 0 0 0 0 0 0 2004 2843 2623 5057 2821 2668 2784 0 0 0 
0 0 0 0 0 0 0 0 0 0 0 0 0 0 0 0 0 0 0 0 0 0 0 0 0 0 0 0 0 0 0 0 0 0 0 0 0 0 5646 15379 16346 25832 31023 31074 30907 31650 18366 16194 16783 0 0 0 0 
0 0 0 0 0 0 0 0 0 0 0 0 0 0 0 0 0 0 0 0 0 0 0 0 0 0 0 0 0 0 0 0 3348 30094 63975 93039 131099 159798 201975 211835 213912 213460 214459 172691 147853 93356 76385 77681 0 0 0 0 0 
0 0 0 0 0 0 0 0 0 0 0 0 0 0 0 0 0 0 0 0 0 0 0 0 0 24 3606 41504 140398 295078 449085 597883 791698 965976 1082844 1168301 1262300 1313466 1234633 1119443 1076121 957749 715153 563759 377904 290947 286848 0 0 0 0 0 0 
0 0 0 0 0 0 0 0 0 0 0 0 0 0 0 0 0 0 0 48 3757 40908 199534 587781 1175099 1843386 2549681 3290527 4021643 4721832 5320343 5811891 6127988 6214164 6262458 6112617 5731635 5110798 4522188 4014529 3290404 2402910 1810000 1248037 916533 867709 0 0 0 0 0 0 0 
0 0 0 0 0 0 0 0 0 0 0 0 9 52 1796 19558 133535 584640 1734339 3687229 6161114 8823883 11621563 14628601 17624331 20189041 22308262 24271965 25870581 26576356 26641950 26202737 25349870 23900219 21899228 19419668 16792178 14393681 11998548 9329167 6763831 4956447 3438886 2427607 2191528 0 0 0 0 0 0 0 0 
0 0 0 0 0 0 1 5 157 2218 23694 170295 848914 2964936 7526458 14634309 23433731 33146038 43463887 53923553 63966986 73404799 81827554 88669318 93607621 96919777 98878706 98708311 95898178 91384245 86228228 79702335 71810068 63040046 53975827 45363075 37593483 29983254 22563493 16234603 11667360 8041694 5475639 4686804 0 0 0 0 0 0 0 0 0 
0 0 1 13 254 4377 46969 359140 1887423 6964626 18683158 38566980 65305921 96146359 129154458 162925499 195991650 226496681 253751713 277506739 297032249 310270436 317068505 318425754 315466711 307055995 293157663 273829338 252074610 229366154 204893700 178183634 151619159 126246788 103424059 83060766 64177413 47269648 33671164 23769730 16158217 10625139 8577847 0 0 0 0 0 0 0 0 0 0 
30 470 9719 128478 1077041 5858857 21693035 57770196 117996058 198127477 290592999 388673527 486514570 580218969 666878349 742999751 805089125 852367148 886568985 904746734 905349853 888780452 861125353 822842587 774434363 713248884 647203745 578536560 511303037 443487356 375707282 311123604 253171656 202448987 158454237 119456014 86507084 60900052 42201307 28154558 17881483 13545708 0 0 0 0 0 0 0 0 0 0 0 
21087 464184 4610917 25405708 88944998 218663058 412970847 649555293 906314094 1166439565 1415690319 1642408281 1840300140 2003750428 2129622825 2209310766 2250163157 2254052373 2223411356 2150874184 2049585590 1925414150 1790060532 1634817270 1469833502 1294229312 1131677458 974119067 825195837 682723526 553415574 440403969 344906034 264055116 195276960 139198988 96659107 65696790 42853319 26269216 18574303 0 0 0 0 0 0 0 0 0 0 0 0 
3103414 34511591 166220506 474878847 957741721 1542412618 2161093722 2767804746 3336988923 3838005909 4252722252 4571300338 4796888816 4923408159 4951122925 4884888300 4755609444 4556055406 4300179301 3984252157 3656834151 3308750082 2959285139 2591397441 2243528067 1903836453 1610816028 1333058705 1082524791 859362647 671396017 515550243 387480966 281889606 197987897 135311272 90110515 57315254 33863490 22227341 0 0 0 0 0 0 0 0 0 0 0 0 0 
81455313 495796844 1407915213 2644432052 3981857382 5281015414 6470125680 7493130513 8337081399 8941015419 9333622814 9507840189 9507298962 9308719345 8970232189 8497389760 7963043744 7334922533 6665770666 5956468447 5293839420 4618705077 3981725221 3360274608 2820754673 2309962286 1890059720 1502858211 1174368698 900058492 680263010 502862243 360604902 249730542 167784749 109322958 67672262 38469767 23306083 0 0 0 0 0 0 0 0 0 0 0 0 0 0 
709459328 2681540290 5304824522 7832180505 10213831804 12210571082 13816195088 14977818079 15749662023 16018692089 15979732476 15585388091 14960648589 14082951008 13088368948 11956605085 10828714170 9625333968 8460260499 7320436866 6312448295 5310377835 4428326541 3620013784 2955027834 2328335836 1842374638 1410565689 1066398125 792414748 578574321 409485669 279830816 184811695 117693883 70785219 38648171 21483271 0 0 0 0 0 0 0 0 0 0 0 0 0 0 0 
3006538888 7873539015 12360414985 15918715839 19161386068 21287897515 22747378088 23435671519 23553015620 22908885938 22009601257 20643654716 19125707472 17382982258 15635208082 13807828207 12121443323 10424656211 8888706525 7463540370 6248147575 5070565720 4109059002 3263134936 2589287413 1954930257 1499636993 1110624837 816523950 588343889 412803143 278645637 181040632 112685032 65771251 34432921 17459876 0 0 0 0 0 0 0 0 0 0 0 0 0 0 0 0 
7706839523 15335981608 20801238149 24549977425 27987822494 29244968035 29870330233 29474123690 28479630087 26617239880 24729051784 22376978419 20073680112 17661213040 15404409324 13174409551 11237409939 9366632500 7762921868 6333206569 5148801494 4035764754 3192501984 2463152397 1896927188 1367072875 1022265073 736919999 528072671 367386174 246230445 157645706 96019706 54383184 27264595 12545125 0 0 0 0 0 0 0 0 0 0 0 0 0 0 0 0 0 
13538025926 21991310472 27013451114 29879373616 32625355327 32272426323 31734572760 30120115415 28076743707 25283008496 22783282296 19926523302 17346243949 14797391948 12531025452 10395551559 8631404858 6979642988 5631036825 4467170161 3528514795 2675584802 2073533003 1551088003 1158050708 793877420 583978731 412149090 287240605 191658547 121707925 72737118 40033550 19215842 7990967 0 0 0 0 0 0 0 0 0 0 0 0 0 0 0 0 0 0 
17472952741 24368906448 27758830349 29097614125 30593486719 28776530539 27358827237 25042779609 22561765013 19619125561 17178853278 14541046209 12302391936 10185562730 8383127930 6756082644 5467350183 4291372185 3374833807 2605016701 2000618462 1469583059 1118944248 808581496 585477517 380529731 278815980 193258751 130232606 82557019 48805416 26199946 12060678 4525547 0 0 0 0 0 0 0 0 0 0 0 0 0 0 0 0 0 0 0 
17157759567 21221772006 22685234734 22677297467 23022208852 20660860474 19038802260 16834551145 14678084700 12345436142 10516254668 8623551407 7098250987 5708057657 4570312981 3582711339 2828267160 2155391987 1654691548 1243252253 929283351 661726589 496383716 344707883 242819203 148973141 110397452 75166497 48541688 28706452 15178621 6733356 2285197 0 0 0 0 0 0 0 0 0 0 0 0 0 0 0 0 0 0 0 0 
12958627121 14492431161 14632162282 14004449853 13748506409 11801989488 10555537956 9027682624 7624023063 6210377170 5150620469 4094897524 3281778605 2564940619 1999655270 1526349887 1176052723 870383967 653398472 477799937 348134980 240206608 178163048 117990679 81501604 46769136 35758041 23877193 14533814 7697715 3330182 1030960 0 0 0 0 0 0 0 0 0 0 0 0 0 0 0 0 0 0 0 0 0 
7464968744 7632828417 7307589752 6714548110 6379590396 5248055137 4559745316 3775503642 3090078681 2440488648 1971598364 1520728840 1187330792 902476349 685651833 510020247 383663118 275852753 202881633 144246235 102724768 68524374 50533821 31547146 21711531 11403650 9295759 6055433 3342606 1443357 415348 0 0 0 0 0 0 0 0 0 0 0 0 0 0 0 0 0 0 0 0 0 0 
3189241943 3000345648 2731054289 2413837947 2220388449 1752822144 1480268351 1187418839 942264053 722174248 568483054 425670885 323918458 239585290 177529538 128756613 94582941 66106978 47726141 32924591 23017656 14771589 10926217 6314626 4455643 2039185 1894640 1177194 535288 148362 0 0 0 0 0 0 0 0 0 0 0 0 0 0 0 0 0 0 0 0 0 0 0 
955568263 830254131 719864361 612900464 545864049 413934461 339898418 264271751 203393277 151386426 116141481 84472978 62672147 45136366 32643333 23090893 16568701 11265153 7999643 5336926 3687411 2256975 1696882 882516 669633 238971 293635 159978 45977 0 0 0 0 0 0 0 0 0 0 0 0 0 0 0 0 0 0 0 0 0 0 0 0 
179600476 144465048 119471582 98090828 84571596 61649468 49233028 37114183 27711217 20042580 14987965 10594410 7666061 5379038 3799328 2621586 1838304 1216586 851704 546774 377081 217058 169177 75664 66591 13815 32434 11650 0 0 0 0 0 0 0 0 0 0 0 0 0 0 0 0 0 0 0 0 0 0 0 0 0 
15957964 11902185 9397434 7446111 6212634 4355938 3383501 2473588 1792110 1260193 918675 631409 445751 304876 210440 141635 97143 62580 43321 26566 18554 9817 8176 2904 3344 0 2015 0 0 0 0 0 0 0 0 0 0 0 0 0 0 0 0 0 0 0 0 0 0 0 0 0 0 
