0 0 0 0 0 0 0 0 0 0 0 0 0 0 0 0 0 0 0 0 0 0 0 0 0 0 0 0 0 0 0 0 0 0 0 0 0 0 0 0 0 0 0 0 0 0 0 0 0 0 0 0 0 1 
0 0 0 0 0 0 0 0 0 0 0 0 0 0 0 0 0 0 0 0 0 0 0 0 0 0 0 0 0 0 0 0 0 0 0 0 0 0 0 0 0 0 0 0 0 0 0 0 0 0 0 26 26 0 
0 0 0 0 0 0 0 0 0 0 0 0 0 0 0 0 0 0 0 0 0 0 0 0 0 0 0 0 0 0 0 0 0 0 0 0 0 0 0 0 0 0 0 0 0 0 0 0 312 334 321 333 0 0 
0 0 0 0 0 0 0 0 0 0 0 0 0 0 0 0 0 0 0 0 0 0 0 0 0 0 0 0 0 0 0 0 0 0 0 0 0 0 0 0 0 0 0 0 2004 2845 2645 5055 2807 2676 2768 0 0 0 
0 0 0 0 0 0 0 0 0 0 0 0 0 0 0 0 0 0 0 0 0 0 0 0 0 0 0 0 0 0 0 0 0 0 0 0 0 0 0 5646 15445 16525 25950 31064 30957 31004 31571 18204 16179 16655 0 0 0 0 
0 0 0 0 0 0 0 0 0 0 0 0 0 0 0 0 0 0 0 0 0 0 0 0 0 0 0 0 0 0 0 0 0 3348 30464 64961 94513 131906 161120 201839 212257 214530 212711 213040 172062 147162 92200 75855 76992 0 0 0 0 0 
0 0 0 0 0 0 0 0 0 0 0 0 0 0 0 0 0 0 0 0 0 0 0 0 0 0 24 3676 43085 145585 305476 457833 607462 798448 971604 1091222 1171228 1263137 1306839 1229973 1114307 1069184 945732 708147 558985 371715 287026 284032 0 0 0 0 0 0 
0 0 0 0 0 0 0 0 0 0 0 0 0 0 0 0 0 0 0 0 49 3968 44591 218624 633831 1240524 1906901 2611586 3348763 4080707 4771563 5355850 5827009 6125999 6200565 6235897 6072227 5675763 5052058 4472490 3961854 3229557 2365264 1784512 1221378 898468 858402 0 0 0 0 0 0 0 
0 0 0 0 0 0 0 0 0 0 0 0 0 12 50 2022 23178 161149 691813 1973656 4038991 6554512 9212046 12008165 15009836 17963074 20435635 22461392 24355161 25885123 26525633 26524068 25990755 25058842 23593331 21594431 19098259 16478623 14117707 11744904 9095617 6615515 4853279 3344324 2365541 2165756 0 0 0 0 0 0 0 0 
0 0 0 0 0 0 0 1 6 185 3023 33414 238367 1140028 3744214 8918509 16471980 25443949 35244532 45566198 55872691 65608481 74616250 82692638 89195784 93706077 96562967 98242064 97823326 94803413 90146808 84780215 78075821 70199326 61603320 52673765 44141349 36512725 29084802 21835935 15756807 11336887 7764390 5303701 4625652 0 0 0 0 0 0 0 0 0 
0 0 0 1 16 484 8164 87563 622252 2955834 9835016 24066606 46189704 74210912 105479813 138381656 171631052 203687795 232737145 258321558 280361726 297951538 309532841 314899609 314957440 310849482 301920566 287598994 267947392 246016894 223252333 198704943 172498055 146603363 122008952 99689745 79794292 61613146 45366772 32384352 22892698 15478751 10225793 8451392 0 0 0 0 0 0 0 0 0 0 
1 76 1700 31123 344429 2375898 10778622 34006178 79705990 148106885 232868826 326681737 423355816 518085730 607545552 689115524 758812569 813944742 854484369 882586440 895540847 891314434 871452308 841064951 801201925 752125122 692330571 626283938 558315666 491870143 425471481 359696446 297616467 241756271 192940365 150480086 113328475 82205652 57980125 40227759 26737827 17087713 13314901 0 0 0 0 0 0 0 0 0 0 0 
5521 156442 1923827 12825237 52655325 147683940 309367876 524201460 768245705 1022440340 1272844099 1507074971 1715299507 1893281021 2036573840 2139369406 2199183874 2221832540 2211394566 2168719944 2089264459 1981446587 1856485116 1719862788 1567805892 1406693678 1239372601 1078462587 925834014 781870771 645915319 522864407 415349842 324235123 247555055 182885763 130678282 90980680 61898996 40297149 24901205 18199445 0 0 0 0 0 0 0 0 0 0 0 0 
1409127 18654900 104182511 336717362 746519447 1285695588 1882835306 2483228747 3054722869 3573381153 4016793565 4368832768 4628620099 4796936833 4869491542 4847871835 4750258643 4593485980 4378637040 4111816207 3799785273 3471797692 3137616288 2796713790 2447366517 2113778728 1796459234 1509652775 1247083899 1010473072 801229895 624412272 477712523 357802178 260221525 183266394 125676536 83808642 53284461 31798568 21683416 0 0 0 0 0 0 0 0 0 0 0 0 0 
49609838 345371736 1091083792 2214737461 3499331740 4786515180 5985119947 7036269016 7918730471 8594550140 9054244935 9298276258 9362947551 9249762144 8974152856 8569179108 8081894070 7527774615 6906211462 6249342432 5578477811 4933915057 4307587843 3700720537 3122806785 2612055259 2145951503 1741148000 1383989426 1079128313 824746365 620500792 456784414 327320498 227461020 153449926 100199670 62088833 35720046 22599950 0 0 0 0 0 0 0 0 0 0 0 0 0 0 
514130956 2163349648 4601996393 7097377900 9463085765 11509285382 13173261359 14420596436 15281959524 15695202614 15747040939 15457519843 14940104562 14173109591 13239498985 12204683365 11129923200 10017409973 8878041230 7777943470 6731408698 5772598330 4872136412 4045462786 3305808312 2685097420 2129998702 1668556426 1277949969 962057480 710907774 516272078 364764086 250112638 166049463 106081645 63960212 35404141 20663173 0 0 0 0 0 0 0 0 0 0 0 0 0 0 0 
2431609305 6921888024 11368579787 14995309046 18236513148 20515373080 22076981482 22909318749 23157106097 22717458955 21895458352 20673955051 19284495853 17639857076 15939528203 14236940627 12583538019 10968498825 9419062435 8014327511 6735789938 5604209114 4578321061 3685218733 2923710137 2306196830 1763441027 1335172510 987626981 720271458 515167854 360199203 243749324 159330653 99636135 58381603 31033922 16608852 0 0 0 0 0 0 0 0 0 0 0 0 0 0 0 0 
6694218707 14166423751 19736202279 23624081100 27059138056 28578606617 29311527272 29089100458 28237473469 26596716539 24754119680 22561319884 20378769429 18018458748 15799551890 13701914951 11755179930 9941813643 8291493721 6865214935 5607039380 4528963863 3587338036 2805998858 2162891550 1655507158 1218512543 893755387 640600207 453649809 313550730 210269178 135451638 83028142 47281505 24097011 11757546 0 0 0 0 0 0 0 0 0 0 0 0 0 0 0 0 0 
12324025101 20899691296 26091974156 29126236047 31862989265 31822306820 31361014321 29908239038 27989474678 25392608669 22897746022 20186612070 17695585336 15148273706 12918489827 10891826362 9080146855 7463227321 6055407122 4884944862 3877923065 3043902294 2341673751 1782484577 1334321950 990510052 700943113 499982397 348476713 239641038 159425850 101740441 61273405 33968765 16589055 7342260 0 0 0 0 0 0 0 0 0 0 0 0 0 0 0 0 0 0 
16405375703 23551315323 27111446266 28601204671 30083372956 28541377767 27160862758 24962854647 22574786903 19769151254 17309555352 14780914247 12593418247 10449768425 8681637110 7122211410 5775114136 4619660209 3650998241 2871912104 2216370846 1692808041 1266478639 938719365 681856056 491013259 333661547 232704952 158158089 105364096 66924847 39875185 21599773 10123056 4050920 0 0 0 0 0 0 0 0 0 0 0 0 0 0 0 0 0 0 0 
16440619316 20726327280 22318831642 22414612463 22746080469 20569553955 18957888319 16823209213 14723130726 12465396852 10613423715 8786928957 7284036058 5864091400 4752311964 3795932776 2996257589 2335561371 1799523427 1381037034 1036386287 771397643 561633247 405407700 285530881 199694855 130030723 89293883 59302604 38045484 22641690 12091712 5463906 1977339 0 0 0 0 0 0 0 0 0 0 0 0 0 0 0 0 0 0 0 0 
12584776958 14253544105 14467678973 13894747032 13629185492 11778418800 10532006719 9036184678 7660290860 6278136008 5203212857 4179698204 3373566778 2637124734 2086883464 1623824240 1248611881 949511139 713655453 534594806 390267948 283541137 200860602 141245146 96416515 65622573 40756510 27847129 18100374 11010713 5887997 2594409 854326 0 0 0 0 0 0 0 0 0 0 0 0 0 0 0 0 0 0 0 0 0 
7314582922 7543845931 7250414269 6679346590 6339274076 5245875207 4555756485 3782913367 3108280518 2468463540 1992803511 1554162587 1222019247 928227293 717892900 544414000 408042079 303044572 222267953 162594554 115527219 82067445 56496427 38752421 25627991 17017168 9988222 6921699 4392034 2436217 1070336 326020 0 0 0 0 0 0 0 0 0 0 0 0 0 0 0 0 0 0 0 0 0 0 
3143865581 2975790856 2716218234 2405499829 2210117709 1753884625 1480294548 1190500880 948491985 730528005 574755798 435413080 333652163 246442491 186410054 137833815 100745108 73148776 52365486 37429814 25896181 18019339 12025422 8071777 5164260 3354987 1830582 1336309 810584 373628 108894 0 0 0 0 0 0 0 0 0 0 0 0 0 0 0 0 0 0 0 0 0 0 0 
945882472 825548242 717156223 611536954 544004591 414449376 340099086 265055033 204819964 153108106 117435692 86457539 64587857 46421737 34361953 24783464 17671780 12557132 8774675 6133089 4132507 2822494 1819004 1202217 740759 473006 233101 192690 103415 31042 0 0 0 0 0 0 0 0 0 0 0 0 0 0 0 0 0 0 0 0 0 0 0 0 
178296889 143908294 119160834 97954580 84357969 61748945 49279136 37231025 27910159 20262676 15155007 10847250 7902335 5530599 4008046 2820933 1962837 1366372 931969 637655 418241 281166 173988 114431 67126 42622 17930 19168 7050 0 0 0 0 0 0 0 0 0 0 0 0 0 0 0 0 0 0 0 0 0 0 0 0 0 
15874841 11871758 9380517 7439937 6200919 4363747 3387295 2481510 1804939 1273382 928852 646593 459496 313356 222407 152817 103784 70855 47161 31638 20164 13401 7892 5257 2859 1867 581 1039 0 0 0 0 0 0 0 0 0 0 0 0 0 0 0 0 0 0 0 0 0 0 0 0 0 0 
