0 0 0 0 0 0 0 0 0 0 0 0 0 0 0 0 0 0 0 0 0 0 0 0 0 0 0 0 0 0 0 0 0 0 0 0 0 0 0 0 0 0 0 0 0 0 0 0 0 0 0 0 0 0 1 
0 0 0 0 0 0 0 0 0 0 0 0 0 0 0 0 0 0 0 0 0 0 0 0 0 0 0 0 0 0 0 0 0 0 0 0 0 0 0 0 0 0 0 0 0 0 0 0 0 0 0 0 27 27 0 
0 0 0 0 0 0 0 0 0 0 0 0 0 0 0 0 0 0 0 0 0 0 0 0 0 0 0 0 0 0 0 0 0 0 0 0 0 0 0 0 0 0 0 0 0 0 0 0 0 338 359 347 360 0 0 
0 0 0 0 0 0 0 0 0 0 0 0 0 0 0 0 0 0 0 0 0 0 0 0 0 0 0 0 0 0 0 0 0 0 0 0 0 0 0 0 0 0 0 0 0 2292 3157 2976 5690 3156 3010 3119 0 0 0 
0 0 0 0 0 0 0 0 0 0 0 0 0 0 0 0 0 0 0 0 0 0 0 0 0 0 0 0 0 0 0 0 0 0 0 0 0 0 0 0 7046 17935 19275 30442 36407 36349 36333 37048 21386 19001 19578 0 0 0 0 
0 0 0 0 0 0 0 0 0 0 0 0 0 0 0 0 0 0 0 0 0 0 0 0 0 0 0 0 0 0 0 0 0 0 5070 39710 79566 115806 160741 198247 247419 259698 261704 261620 262066 210268 180365 113294 93256 94530 0 0 0 0 0 
0 0 0 0 0 0 0 0 0 0 0 0 0 0 0 0 0 0 0 0 0 0 0 0 0 0 0 64 7114 65547 198902 398112 586818 783023 1029492 1247178 1392402 1501544 1624265 1678108 1574637 1427951 1375464 1218402 905028 717080 478630 370064 364815 0 0 0 0 0 0 
0 0 0 0 0 0 0 0 0 0 0 0 0 0 0 0 0 0 0 0 0 196 9670 84299 353291 926496 1730409 2603577 3545758 4536715 5503329 6423147 7205735 7846814 8232456 8350581 8390076 8171249 7633018 6800606 6020940 5341748 4360686 3171741 2401231 1651812 1216703 1155557 0 0 0 0 0 0 0 
0 0 0 0 0 0 0 0 0 0 0 0 0 0 32 276 6244 59397 337318 1247633 3202218 6143037 9611758 13293259 17226947 21425238 25499424 28932521 31841888 34567910 36620532 37456364 37446668 36791595 35504908 33370658 30490259 26991032 23335867 20009101 16635050 12897522 9332482 6868176 4761298 3370390 3062198 0 0 0 0 0 0 0 0 
0 0 0 0 0 0 0 0 7 55 1035 12595 107918 617031 2473708 7128813 15453671 26796926 39880066 54148190 69222046 84225755 98575436 111930394 123716455 133075220 139759392 144221021 146641172 145657331 140922484 134192822 126384780 116504161 104610572 91626370 78391663 65899559 54587212 43412641 32593920 23449196 16917950 11663930 7966996 6885907 0 0 0 0 0 0 0 0 0 
0 0 0 0 11 252 4152 44860 348086 1928103 7530369 21472275 46855076 83029915 126697395 174751965 225185455 276087814 324957764 369493008 409189816 443694367 470750721 488114681 496004770 496558628 489970165 475178660 451672348 420778599 386868500 351564294 312843935 271498472 230448310 191868016 157252654 126143631 97239891 71508876 50976659 36131931 24594762 16235139 13281515 0 0 0 0 0 0 0 0 0 0 
4 64 1222 19602 223041 1683995 8660444 31257478 82659679 169804244 288355893 428386946 580589099 735974957 887974698 1031763536 1162851925 1274698906 1363754194 1431339610 1477129271 1496495773 1487220652 1454394351 1403888744 1337805355 1251719671 1150810374 1041248869 930366779 820287156 709558283 599350093 495993299 403167115 322693080 252233034 189754454 137348753 96807651 67364801 45059462 28755971 22156432 0 0 0 0 0 0 0 0 0 0 0 
4698 120854 1567422 11475469 52629504 164618319 379070084 692494706 1074914981 1494732039 1927157233 2349541898 2742720755 3092912449 3393885053 3636221745 3807287506 3908844408 3949140650 3931057672 3847429952 3703252595 3512740172 3294463912 3047479468 2776143739 2479982808 2189892180 1908689793 1642060712 1385338975 1144373695 926392632 737392854 577243571 441662303 325973622 232382493 161667130 110338590 72253763 44561610 32176546 0 0 0 0 0 0 0 0 0 0 0 0 
1352291 19201097 117962405 419900999 1014809408 1871350754 2885348827 3960427906 5030985389 6045995010 6960423047 7735216958 8355154064 8812824206 9112403228 9226473964 9178734997 8998550784 8701875906 8289550279 7768693577 7185995414 6569184155 5935876862 5273091132 4617566024 3971034725 3394833938 2853929167 2360947437 1909203692 1516521585 1184237597 909423531 682513624 495854527 348299906 238609807 159593582 102017339 60736537 40887923 0 0 0 0 0 0 0 0 0 0 0 0 0 
60300010 458064567 1579166015 3453222858 5767725860 8220355669 10624496472 12841026700 14804161300 16417190281 17647688673 18467211381 18915630355 19005463081 18760202156 18178375495 17378605379 16400877353 15263773282 13996240999 12647861476 11318405717 10000447166 8717867308 7461489434 6323438266 5258950079 4357978972 3527993241 2809433351 2187792195 1680513431 1268691343 936515307 670247609 464230460 312662120 204667970 127445709 73127431 45650729 0 0 0 0 0 0 0 0 0 0 0 0 0 0 
762622851 3492821119 7984754112 12984397986 17967339978 22528337534 26485185945 29667959412 32116290287 33632467964 34390276679 34363051372 33755703922 32552050734 30923108172 28872651245 26675059745 24326080744 21863459043 19384217319 16968167898 14734304230 12585798475 10607308538 8785844083 7241287480 5820496161 4671096627 3641651915 2801223304 2111280710 1572228002 1143952083 807580739 551395934 364966998 233518342 141398475 78056506 44931817 0 0 0 0 0 0 0 0 0 0 0 0 0 0 0 
4263637129 13127422072 22831602518 31337062460 39244370653 45357785472 50007997687 52998998752 54678018976 54652327424 53680608497 51575988485 48848110225 45442946995 41740412799 37697899208 33757558868 29821888214 25950751192 22320913876 18977278087 16006396873 13218045109 10807841868 8696156444 6982075887 5405288958 4202225800 3162472361 2361049720 1728137974 1244726877 868075848 584627497 380190163 237680042 139736958 74080678 39098074 0 0 0 0 0 0 0 0 0 0 0 0 0 0 0 0 
13627170994 30986509663 45245401061 56008551924 65870825157 71404178276 74953373321 75924929758 75223974564 72182823294 68498162568 63490592627 58200548296 52390816997 46666594743 40859839856 35526757813 30466458508 25715229766 21510710546 17787027883 14577207618 11644385809 9275768444 7262971457 5676353980 4215244322 3183042803 2323064518 1690544248 1200838602 831659636 553220294 353761314 216112540 123278485 62659669 30156166 0 0 0 0 0 0 0 0 0 0 0 0 0 0 0 0 0 
28921633516 52429044726 68210929216 78555341116 88155105251 90366964993 91119785339 88711503444 84766159871 78369319064 72083676312 64608898427 57459077137 50155253837 43402434921 36893279742 31189776717 26009949248 21319611468 17376403962 13982999759 11139125904 8615921161 6714239515 5112667598 3883562728 2756153577 2032982645 1447423796 1027906436 705123396 466270082 293740568 175593095 97204890 47320660 20668683 0 0 0 0 0 0 0 0 0 0 0 0 0 0 0 0 0 0 
44451773719 68000688325 81371204200 88501005323 95478349662 93032496464 90594595476 85047396218 78572274213 70149898345 62685489663 54410501108 47023475141 39863853754 33548522452 27717444161 22810035865 18523657873 14756013892 11736291751 9193113837 7123566555 5341071644 4087112148 3017860310 2226011538 1505153453 1094178803 763794048 527611021 346914537 216976590 127282629 68502127 31943392 12621363 0 0 0 0 0 0 0 0 0 0 0 0 0 0 0 0 0 0 0 
51894827420 69628228677 77884779129 80646674029 83965621963 78058302599 73643609421 66804776842 59760595620 51618178670 44875906417 37762734011 31752526307 26171946350 21434632709 17231318674 13816586729 10938870346 8472660482 6585279327 5021013932 3788629464 2755719900 2077746700 1480519340 1061524390 681912720 494277648 339011259 226233638 141109238 81968479 43060742 19276419 6885689 0 0 0 0 0 0 0 0 0 0 0 0 0 0 0 0 0 0 0 0 
47040603518 56714885827 59813718150 59250883500 59662117498 53066465011 48596746825 42659643133 36988439454 30951177025 26204470187 21396617726 17518763878 14051727915 11205105955 8773971062 6859704238 5299525239 3992431725 3036650559 2253016185 1658116046 1170036152 872267798 595720156 416984597 253457638 185722008 125048659 79816545 46357515 24025480 10381564 3364752 0 0 0 0 0 0 0 0 0 0 0 0 0 0 0 0 0 0 0 0 0 
33216137632 36508338635 36484448942 34685489322 33820609849 28841162486 25666112397 21826590580 18355149817 14895954852 12289857624 9744166066 7773497488 6071731639 4716237639 3600790983 2746362586 2071823526 1518714184 1131968046 816694711 587650165 401724325 297483681 192843284 133069201 75858220 57183909 37692720 22624511 11752074 4965874 1474952 0 0 0 0 0 0 0 0 0 0 0 0 0 0 0 0 0 0 0 0 0 0 
18037994065 18225754478 17314970863 15833845756 14960886742 12250510237 10601931746 8741232826 7132731938 5619095399 4519803899 3481853835 2707735828 2060716722 1559881927 1162345194 865108306 637678203 455044567 332804781 233225040 164646388 108655291 80483385 48803890 33829112 17707526 14132819 9067011 4929161 2084328 579137 0 0 0 0 0 0 0 0 0 0 0 0 0 0 0 0 0 0 0 0 0 0 0 
7306308506 6820248448 6173593400 5439392403 4981971870 3921414770 3301963537 2640975089 2091680352 1600811254 1255736602 940415018 713182971 529116715 390491928 284230929 206459361 148792243 103413641 74317269 50494441 35144622 22246896 16661843 9238019 6653092 3045470 2733387 1671950 748882 201892 0 0 0 0 0 0 0 0 0 0 0 0 0 0 0 0 0 0 0 0 0 0 0 0 
2084304925 1803053579 1557608543 1323918654 1175478773 890123796 729489644 566214063 435372832 323907551 247842301 180524402 133547004 96636721 69561703 49497418 35089439 24742229 16756280 11850844 7784292 5378562 3232341 2487363 1215892 963528 345033 400908 215984 61028 0 0 0 0 0 0 0 0 0 0 0 0 0 0 0 0 0 0 0 0 0 0 0 0 0 
374240798 300628308 248148847 203663293 175265449 127757198 101924479 76791911 57335748 41489507 30970752 21950128 15844176 11187974 7857817 5469923 3784083 2612789 1724644 1202756 760405 526723 295715 239418 97074 93052 19394 41956 15011 0 0 0 0 0 0 0 0 0 0 0 0 0 0 0 0 0 0 0 0 0 0 0 0 0 0 
31854676 23795072 18783783 14896239 12420590 8719360 6772393 4953576 3591896 2529260 1842087 1270832 895293 617214 423088 288330 194597 131729 84722 58426 35310 24872 12711 11228 3362 4586 0 2496 0 0 0 0 0 0 0 0 0 0 0 0 0 0 0 0 0 0 0 0 0 0 0 0 0 0 0 
