0 0 0 0 0 0 0 0 0 0 0 0 0 0 0 0 0 0 0 0 0 0 0 0 0 0 0 0 0 0 0 0 0 0 0 0 0 0 0 0 0 0 0 0 0 0 0 0 0 0 0 0 0 0 0 1 
0 0 0 0 0 0 0 0 0 0 0 0 0 0 0 0 0 0 0 0 0 0 0 0 0 0 0 0 0 0 0 0 0 0 0 0 0 0 0 0 0 0 0 0 0 0 0 0 0 0 0 0 0 27 27 0 
0 0 0 0 0 0 0 0 0 0 0 0 0 0 0 0 0 0 0 0 0 0 0 0 0 0 0 0 0 0 0 0 0 0 0 0 0 0 0 0 0 0 0 0 0 0 0 0 0 0 338 360 346 360 0 0 
0 0 0 0 0 0 0 0 0 0 0 0 0 0 0 0 0 0 0 0 0 0 0 0 0 0 0 0 0 0 0 0 0 0 0 0 0 0 0 0 0 0 0 0 0 0 2292 3186 2956 5705 3144 2999 3118 0 0 0 
0 0 0 0 0 0 0 0 0 0 0 0 0 0 0 0 0 0 0 0 0 0 0 0 0 0 0 0 0 0 0 0 0 0 0 0 0 0 0 0 0 7046 18223 19271 30581 36446 36259 36265 37037 21186 18920 19566 0 0 0 0 
0 0 0 0 0 0 0 0 0 0 0 0 0 0 0 0 0 0 0 0 0 0 0 0 0 0 0 0 0 0 0 0 0 0 0 5070 40543 81258 117028 162077 198934 248379 259219 261889 260046 261157 209032 179702 111805 92769 94452 0 0 0 0 0 
0 0 0 0 0 0 0 0 0 0 0 0 0 0 0 0 0 0 0 0 0 0 0 0 0 0 0 0 64 7246 68365 208520 410463 597421 793837 1042254 1253156 1399431 1503117 1621768 1672326 1564664 1417490 1366611 1207210 896121 711398 471072 367655 364451 0 0 0 0 0 0 
0 0 0 0 0 0 0 0 0 0 0 0 0 0 0 0 0 0 0 0 0 0 199 10210 91881 387413 995550 1815901 2687983 3626940 4615145 5577675 6484750 7248617 7859597 8217161 8311984 8349704 8107529 7555890 6712115 5952640 5281548 4296410 3127156 2370827 1621912 1206918 1154185 0 0 0 0 0 0 0 
0 0 0 0 0 0 0 0 0 0 0 0 0 0 0 36 290 6950 70089 400473 1449184 3582070 6644044 10139369 13822277 17762619 21942318 25928743 29243340 32017892 34658858 36608613 37335914 37216203 36411490 35080772 32925891 30047493 26534064 22906731 19659939 16341522 12638520 9157202 6747778 4663546 3337211 3057759 0 0 0 0 0 0 0 0 
0 0 0 0 0 0 0 0 0 7 57 1316 16480 146313 826524 3167687 8613440 17700103 29470892 42760194 57129598 72164545 86870627 100717946 113531023 124816329 133634364 139725651 143588546 145526390 144148626 139167038 132153994 124097977 114085943 102325031 89559914 76565421 64267524 53221176 42335769 31758209 22885546 16537513 11392172 7871318 6873197 0 0 0 0 0 0 0 0 0 
0 0 0 0 0 17 421 6802 76983 580982 2980816 10651537 27871516 56683825 95231590 140022527 188369157 238577117 288480670 335503245 377772350 415190230 447019466 471304232 486121419 492021517 490753736 482734305 466702155 442475463 411261337 377357240 341918244 303578109 263100619 223294317 185922513 152202877 121920032 94055881 69236985 49455712 35131678 23942057 15997191 13248970 0 0 0 0 0 0 0 0 0 0 
0 5 142 3442 52505 527144 3441516 15223663 47823885 112859269 212555432 339311282 482923432 634734301 786854188 933521657 1070760714 1193013375 1294294536 1373048980 1430905002 1467842148 1478864944 1462735200 1424496323 1370995772 1302181732 1216326742 1115110970 1006954834 897427901 789677418 681515364 575262398 475982928 387008062 309494704 241551118 181877553 132013228 93301585 65119887 43690536 28241157 22081986 0 0 0 0 0 0 0 0 0 0 0 
919 33400 545183 4929673 27058793 98680517 257923253 519926823 865919435 1263096125 1682829113 2103966948 2506387231 2872960344 3193854707 3463051275 3669851723 3806734400 3877200913 3891598266 3850934250 3751000938 3593405694 3397234644 3174358158 2930358038 2661903117 2377586147 2092286048 1820604415 1561761492 1316635229 1086405848 879882447 700186543 547727164 418688713 309386342 221427641 154660152 105969664 69726254 43587267 32025314 0 0 0 0 0 0 0 0 0 0 0 0 
545894 9322354 67027692 273152127 737811459 1480563941 2420563443 3457218693 4512628299 5530848777 6470809739 7294036947 7970503983 8489027489 8852484784 9052298346 9083930580 8967808955 8735213342 8401516629 7962955030 7434184598 6849164930 6248291361 5625075102 4993462798 4360272311 3755028252 3194165329 2683621639 2214528914 1792846581 1423046651 1111386758 852417664 639568211 465583046 328595221 226320819 152146951 97884522 59116648 40616791 0 0 0 0 0 0 0 0 0 0 0 0 0 
34292096 299067741 1155718256 2764691324 4912000948 7282348303 9658523101 11898303644 13905642083 15603111606 16952233340 17909541897 18482357424 18699380888 18596945115 18173852686 17485355008 16606546476 15589246803 14441626564 13184505140 11881719390 10595078322 9353925582 8123439333 6958211582 5874379746 4901964864 4034874546 3271968181 2600319373 2029401280 1555717150 1173609762 866024036 621672194 433079372 293630045 193466284 121439266 70752844 45223605 0 0 0 0 0 0 0 0 0 0 0 0 0 0 
528835109 2705245228 6707444214 11509125979 16404207707 20977748525 25010170522 28346197793 30938096545 32684729760 33680434002 33887788696 33464689010 32486024448 31065879782 29226434985 27149675331 24936780695 22639853953 20268912633 17904732250 15648180609 13540030440 11577771373 9715862977 8063656006 6608509590 5348099518 4256511751 3333526579 2557190443 1930466838 1432204282 1042609647 738486162 507835686 338865944 218567549 133622214 74977915 44341790 0 0 0 0 0 0 0 0 0 0 0 0 0 0 0 
3348045074 11254807715 20641637439 29191073555 37061327352 43380665773 48253347545 51566868367 53481321660 53856670117 53203639957 51392487720 48903868698 45793065433 42310749089 38491779478 34663936784 30870955058 27168071821 23569166022 20214006562 17176980312 14432821616 11962955046 9723366106 7847059084 6252355646 4901494785 3771294242 2856635187 2121246017 1553062749 1115013913 781294912 530415034 348394519 219924855 130755290 70542557 38383631 0 0 0 0 0 0 0 0 0 0 0 0 0 0 0 0 
11602769674 28206719756 42539001459 53566297959 63398830191 69418052815 73292940274 74716878315 74283260439 71768055135 68395842226 63704938039 58655436721 53147940409 47592830827 41988545049 36743107239 31776136138 27158764013 22878873416 19096840515 15798086874 12892430015 10373556079 8184701819 6437405581 4985850506 3780541924 2813755634 2066452427 1490177272 1059159675 734175780 493404737 319204373 197321482 114016197 59049027 29397509 0 0 0 0 0 0 0 0 0 0 0 0 0 0 0 0 0 
25979063783 49425190441 65559050904 76295590034 85862285948 88785892692 89857408902 87930506539 84215595194 78360981832 72327781271 65123624531 58171455964 51110062162 44449532533 38103149058 32444417873 27278740863 22680980201 18581943339 15120992775 12185061053 9659555176 7559412108 5798597620 4449762301 3347790866 2451389324 1767698329 1263309434 887047546 611168307 407163090 260343926 157824658 88675833 44044790 19961600 0 0 0 0 0 0 0 0 0 0 0 0 0 0 0 0 0 0 
41375834677 65443313075 79257818668 86785233878 93738629828 92036046769 89824205304 84683652826 78363725628 70399396564 63094462014 55006583521 47752660276 40741465193 34460897280 28741657125 23834440571 19504228793 15798204768 12601188803 10009789528 7859574938 6054154816 4618027077 3445778341 2581539570 1885661701 1330679937 932631774 651565505 445897006 296513766 188084161 112312731 61483914 29298942 12042332 0 0 0 0 0 0 0 0 0 0 0 0 0 0 0 0 0 0 0 
49460543253 67863017604 76513964187 79579424929 82891038968 77567361769 73271493653 66708011224 59752824727 51917859064 45257333540 38246579958 32309632961 26796006743 22066477720 17924965145 14485629386 11549930478 9124040094 7090875950 5504289759 4211842695 3153611151 2349910823 1704926722 1247944699 884827761 599926465 410918032 282042582 187822020 119415970 70699084 37912343 17375277 6468544 0 0 0 0 0 0 0 0 0 0 0 0 0 0 0 0 0 0 0 0 
45544055013 55728213993 59096188268 58711978627 59126255145 52883966014 48458757621 42672960914 37043800381 31170660301 26458083409 21692986991 17848707487 14400953380 11554721005 9149486929 7209103437 5606676238 4323295890 3275576460 2487070913 1854848308 1350441587 985260858 694247631 497091817 342155273 221768359 149814641 101548754 65400000 38962785 20659812 9165387 3099892 0 0 0 0 0 0 0 0 0 0 0 0 0 0 0 0 0 0 0 0 0 
32497111308 36069017924 36186031918 34468123160 33607691528 28794366312 25629958852 21856103799 18401634524 15010966374 12416312662 9883744875 7925788620 6225148048 4869564078 3761538333 2891005750 2195254779 1653394786 1221849480 908230827 660243127 467558070 334792030 228686863 160474947 107273510 65882625 44612614 29995684 18373835 9829729 4274450 1326499 0 0 0 0 0 0 0 0 0 0 0 0 0 0 0 0 0 0 0 0 0 0 
17771254659 18073937113 17218688776 15765469963 14894827207 12244787750 10596589760 8758028357 7155400883 5663446334 4567320261 3532031615 2761792540 2112773471 1612111613 1215630152 911725233 676536779 497940606 359075051 261512857 185307616 127684065 89954117 59414177 40963357 26618663 15245446 10670998 7108050 3977129 1740206 505596 0 0 0 0 0 0 0 0 0 0 0 0 0 0 0 0 0 0 0 0 0 0 0 
7232323419 6781042735 6150355214 5423192926 4966517937 3922398589 3302115151 2646766500 2099109338 1613227169 1268894383 953797435 727494842 542317201 403835353 297442827 217781668 158037452 113712287 80057003 57167200 39480786 26483874 18403371 11714401 7961005 5039357 2612378 2007922 1295826 601301 169950 0 0 0 0 0 0 0 0 0 0 0 0 0 0 0 0 0 0 0 0 0 0 0 0 
2069864461 1795930999 1553654013 1321189576 1172906711 890724249 729750428 567502883 436997434 326310636 250387723 183028363 136216096 98993901 71971114 51806060 37045466 26305109 18509235 12730129 8917677 6000746 3922895 2694600 1646050 1107128 685775 303047 288515 165560 49053 0 0 0 0 0 0 0 0 0 0 0 0 0 0 0 0 0 0 0 0 0 0 0 0 0 
372475116 299815220 247724722 203369891 174993075 127872055 101976303 76964120 57551985 41778156 31278870 22244216 16157445 11452475 8132464 5723574 3999004 2779810 1913334 1286578 884330 579581 369943 251455 146726 98141 60030 19695 29628 11386 0 0 0 0 0 0 0 0 0 0 0 0 0 0 0 0 0 0 0 0 0 0 0 0 0 0 
31753148 23751128 18762150 14880980 12406752 8727983 6776139 4964163 3605221 2545504 1859687 1287174 912715 631247 437974 301506 205925 140178 94404 62130 41888 26731 16709 11225 6234 4164 2560 394 1715 0 0 0 0 0 0 0 0 0 0 0 0 0 0 0 0 0 0 0 0 0 0 0 0 0 0 0 
